	Bee23	Bee21	Bee15	Bee16	Bee1	Bee20	Bee70	Bee34	Bee7	Bee6	Bee38	Bee58	Bee13	Bee26	Bee55	Bee72	Bee35	Bee22	Bee10	Bee64	Bee63	Bee2	Bee27	Bee24	Bee68	Bee56	Bee50	Bee48	Bee39	Bee36	Bee67	Bee76	Bee69	Bee14	Bee43	Bee28	Bee40	Bee77	Bee3	Bee75	Bee8	Bee52	Bee51	Bee46	Bee66	Bee25	Bee9	Bee4	Bee59	Bee30	Bee5	Bee61	Bee60	Bee31	Bee54	Bee62	Bee12	Bee65	Bee42	Bee33	Bee18	Bee73	Bee45	Bee44	Bee57	Bee78	Bee53	Bee17	Bee47	Bee71	Bee49	Bee74	Bee11	Bee19	Bee29	Bee32	Bee41	Bee37
JL718996.85.1599	72665	6328	13057	30853	15022	266	9921	10608	23399	3249	10124	13325	17373	11639	6834	21019	5271	20672	9950	13750	12395	10734	6381	1849	23215	18531	4943	8600	17428	15415	16999	27981	18159	13232	8092	7567	6374	13335	17874	4522	6513	12334	13495	7749	20415	10715	13271	10394	22447	5300	14949	18398	10773	16080	7315	20087	7767	12462	6405	4280	8086	25153	3609	3720	10787	9953	5236	8516	12684	12407	14847	5637	13489	5645	2386	3875	517	4027
HM113222.1.1399	2069	374	5243	2818	3342	2429	449	1171	665	202	89	788	1449	157	599	293	771	961	454	96	135	5391	4607	780	280	212	352	121	1328	507	460	745	111	5347	774	782	3057	470	2285	165	2382	355	129	79	960	129	1196	899	3483	610	8280	702	434	4351	579	1017	880	595	935	80	84	219	185	253	356	355	804	507	602	296	56	189	1435	162	16	110	22	170
HM113202.1.1389	7550	3340	2681	2548	7811	6	1905	2687	3124	1727	485	905	6338	4581	9	1453	5025	8239	2910	1436	37	2537	3466	12321	4019	2003	1077	2438	2054	3538	4790	2864	1782	1141	12636	2560	2800	3348	8109	1324	5412	8563	998	79	5625	3381	12274	4313	268	1456	7749	2872	1613	12263	680	4621	1033	5221	2394	4503	261	22128	2025	3669	5875	5541	3534	4546	390	2719	5442	347	4538	4463	24	1810	535	707
HM108452.1.1455	74727	47	37	211	12	60	1	9	4159	52	1	21	55	2	41	1	2	14	0	98	8	46	6	4	298	117	22	51	86	5	62	311	21	192	0	6	27	204	168	15	11	108	57	6	6292	74	73	631	46	1	78	9	129	3	12	114	0	41	5	15	0	482	2	161	48	7	129	0	292	3	4	12	0	0	2	2984	24	39
HP459621.147.1556	9871	1513	927	1556	224	27097	11	2760	1515	81	10973	614	473	101	1275	109	669	719	256	39	327	379	362	511	127	55	102	220	1072	592	54	2559	48	809	44	437	346	2451	460	323	502	2145	189	590	4002	1264	352	1815	318	2972	434	492	643	477	519	65	69	68	232	3763	205	401	31	1051	7	52	244	39	2324	32	279	73	582	32	9648	1294	170	599
HM112051.1.1397	34703	2137	4614	12347	5742	2529	1083	4442	10288	1408	3988	2751	5096	7226	323	1409	1854	10122	6709	1870	1354	3863	2797	6315	4561	2100	2592	1347	6855	2976	3741	1012	3261	3969	1636	4245	2571	1489	4422	2555	1560	3264	1943	1968	4682	4520	3198	2445	8859	5725	3026	1084	3519	28450	2563	2579	4797	4787	4866	4042	742	4134	1947	2309	2364	6960	2679	7557	2245	2197	1654	2738	4055	5631	717	1727	229	1709
HM111870.1.1397	13372	2580	1130	3433	5984	16	1149	2145	4141	1158	2728	2129	2088	3854	94	3807	2164	3543	2772	974	1661	1079	2413	630	3156	2640	2788	1982	1269	1350	5763	3656	3536	1876	5785	2670	1205	1264	2691	949	1537	2250	1103	2285	7739	4096	1989	5656	4165	1344	7277	1412	4375	35501	1061	3718	1068	3127	10652	2647	293	7637	639	1831	3285	2663	1633	1294	2245	2043	3439	1075	1938	4382	17	907	277	903
KT598285.1.1216	2776	8422	2036	1699	13256	10008	2820	3427	1243	718	1992	548	2278	2985	1098	2225	2406	3182	2428	1104	1381	2688	2587	4696	2909	1779	602	1066	2700	4439	4938	2018	1753	804	1253	1634	4123	1622	4099	2199	4824	1085	789	549	1668	924	3055	3575	1285	1607	4513	3495	1299	23070	1563	3692	2940	1110	1846	1011	490	3768	1603	2548	1472	457	2909	2885	1128	1368	414	2017	3137	1991	105	364	322	477
AB810025.1.1485	10	1	1074	1	1	6617	0	1	1471	0	8265	0	84	0	10413	8996	0	2	4	1	8811	1701	1	1465	1	0	0	2	1409	1	0	0	25	7	20	0	1	12	7	0	1	0	1	6999	71	3	0	0	4	3606	0	11	481	3	0	2	0	2	11	63	0	4	0	1	0	0	0	0	4556	36	799	1672	1334	0	6546	1	1	0
JFZW01000001.235.1776	42018	2449	8094	2136	2245	410	2603	1158	6963	385	3481	3645	3896	485	2817	3003	4446	4208	618	3052	2629	3932	2868	2220	2341	1718	1518	2938	3970	3035	3831	2341	2914	1207	4488	1195	2156	2906	3443	440	1888	3968	985	1581	10564	1412	1951	3036	3833	3396	1297	2602	2595	4107	1288	2891	1113	3819	1495	2819	1376	5779	384	4462	2503	1245	2258	1031	2120	731	2252	2944	2673	1665	16	990	2210	3024
FJ947065.1.1274	12672	3445	2263	289	7	1	10718	3679	65	212	8904	1473	196	2720	2728	1716	13939	8112	474	776	4912	108	5360	10499	77	208	8419	4407	8458	10437	5320	141	2184	7112	3865	8324	18127	373	32	6065	373	5580	2113	6268	14	3655	2	3	166	1414	12	8167	1162	18485	1922	16625	660	883	12682	6849	828	70	9105	12558	1050	7939	9584	531	9287	2723	4620	9207	42	1551	29	11	3462	7639
JX878306.1.1534	16	1075	1285	15143	975	43	3609	1365	5532	413	2710	3439	1794	1395	778	1718	2805	1064	3009	1788	2438	2828	1261	1173	3217	4376	1747	1962	1709	1351	2737	1980	1902	4598	1377	1549	2397	3773	2550	1204	350	2935	2164	1525	16196	3031	252	6526	4211	307	7151	2984	2690	4485	2597	2228	2227	1693	1755	2632	1100	3792	1798	659	1626	2607	655	5685	3945	1515	23	1229	3769	1468	9	80	661	722
GALO01006444.16.1472	9215	1103	603	520	1713	110	715	943	1643	243	227	439	449	583	741	878	1206	946	128	279	357	978	1269	571	962	843	324	1031	4317	621	2301	1291	527	428	1202	1643	3068	1657	444	238	608	2154	336	286	1119	1154	642	540	1434	1328	873	925	930	3724	438	1644	454	664	561	579	213	3106	759	2594	698	279	640	212	647	795	583	636	1633	574	5	627	596	1583
OTU_dn_8	68	106	28	42	158	16	20	64	4	6	14	8	56	37	8	49	29	44	55	16	8	78	89	146	32	14	9	31	1	28	54	36	11	51	82	40	58	55	57	22	115	29	14	7	61	24	95	69	45	29	150	45	21	336	18	52	23	26	49	20	5	133	28	57	36	13	70	28	15	23	12	18	49	33	0	12	0	12
KC208619.240972.242847	688	682	1261	1202	132	576	1000	2564	10	562	3200	1576	570	824	2428	6	3392	2124	1633	945	575	412	2013	2551	116	43	2020	977	2027	2804	1402	0	987	808	247	3179	4752	39	193	2009	288	721	229	166	37	669	0	89	563	2209	0	2997	2097	9579	3796	580	1855	710	1128	6112	1858	17	2671	2037	500	907	2395	1303	1813	794	67	808	482	441	2248	41	996	806
OTU_dn_141	158	23	38	42	62	0	8	46	19	0	10	7	54	46	0	88	13	64	57	20	1	39	20	89	37	7	6	21	8	4	25	9	9	13	74	48	22	36	47	5	17	57	7	2	38	33	71	23	3	60	22	6	12	88	6	15	19	51	12	41	4	134	32	47	29	68	41	63	13	23	9	6	57	39	1	20	0	12
HG799983.1.1629	19	320	0	4	0	31	127	343	2	2	26	5448	2	123	54	75	98	33	6	1181	4	0	53	0	2646	2061	50	12	984	28	2430	1931	158	0	222	243	486	1150	2	461	21	79	232	80	1	3	0	2	2147	20	42	203	121	43	124	1895	10	32	125	12	0	286	163	172	79	307	75	167	81	368	2	45	9	131	4	0	46	453
FJ906788.1.1415	0	577	12	3022	0	2	477	69	48	21	28	3	17	1	0	0	23	170	730	375	9	3	4	1	1236	6	680	428	86	5	3612	52	4540	4	3404	10	4	81	0	7	238	4241	4410	9	2	12	43	1613	144	2	2	30	3067	22	4	609	1182	5	794	1	14	52	6	0	4	6	23	35	47	11	13	91	5	3826	0	0	5	0
OTU_dn_34	6	6	6	8	34	0	5	7	3	22	0	0	25	10	0	3	2	6	14	0	0	21	13	53	9	0	0	5	1	7	10	10	0	7	15	6	11	7	11	0	24	7	0	0	6	2	20	5	0	2	33	7	1	14	2	14	2	8	0	2	2	27	3	4	5	5	6	5	1	3	0	1	14	10	0	2	0	0
OTU_dn_179	8	3	0	6	0	0	12	2	0	0	3	1	0	3	0	2	1	5	3	1	6	1	2	3	0	0	5	2	2	13	12	0	10	8	8	5	5	2	0	1	0	6	7	4	0	1	2	0	1	0	0	6	3	4	3	9	5	0	7	3	7	0	7	8	0	3	5	4	12	3	3	3	3	3	0	0	0	3
GQ379617.1.1220	265	29	111	14	1	0	2364	94	5	16	609	126	23	11	115	7	1060	247	10	106	28	0	50	12	57	15	364	303	77	965	1976	4	755	178	172	180	100	79	21	171	0	592	30	69	1	16	0	1	542	136	0	393	3932	991	67	737	147	134	37	1141	44	58	283	75	103	70	460	17	549	163	32	399	30	2	5	0	21	14
KC951917.1.1500	0	0	1	8	0	0	0	2	0	0	1	0	0	0	0	6	2	0	0	11	311	0	158	0	5	0	0	1	1	1	296	24	25	0	2	1	2	0	0	34	0	0	0	0	0	0	0	0	0	1	0	6	5	0	1	2	0	0	3	0	1	0	1	0	1	4	0	0	0	50	0	54	0	0	0	0	0	0
JDUE01000018.3839.5343	942	130	8	189	61	244	59	101	446	12	910	117	106	84	31	144	113	90	28	31	78	48	27	22	167	154	70	52	62	86	130	29	22	14	173	110	40	117	27	47	26	57	585	92	152	62	9	25	91	22	64	186	461	79	30	177	87	57	94	28	9	386	28	75	29	96	52	11	152	38	54	60	74	46	3	41	34	126
FN868422.1.1449	0	0	0	0	1	0	0	0	0	6461	1	0	0	0	0	0	0	0	0	0	0	0	0	0	0	0	0	0	0	0	0	0	0	0	0	0	0	0	0	0	0	0	0	0	0	0	0	0	0	0	0	0	0	0	0	0	0	0	0	0	0	0	0	0	0	0	0	0	0	0	0	0	0	0	0	0	0	0
FJ973531.1.1518	0	0	0	0	0	0	0	295	0	2393	0	0	0	0	0	8696	0	0	0	0	0	0	0	0	0	0	0	0	0	0	0	0	0	0	0	0	0	22	0	0	0	0	0	0	94	0	0	0	229	0	0	0	0	0	0	0	0	0	0	37	0	138	0	1	0	0	0	0	0	0	0	0	0	0	0	0	0	0
OTU_dn_3	167	86	29	4	0	0	37	53	0	2	86	18	2	37	42	105	55	82	9	9	43	2	50	190	1	1	55	36	16	32	61	1	15	59	113	92	119	5	0	33	8	58	17	77	0	50	1	0	1	39	0	49	17	257	15	107	7	15	188	66	7	4	101	139	18	80	110	8	73	23	14	63	1	26	0	1	0	58
KF600406.1.1277	0	0	0	23	0	0	0	0	0	0	0	0	0	0	0	0	0	0	0	0	0	0	0	0	0	0	1	0	2	0	2	0	0	0	0	0	0	0	0	0	0	18	3	0	0	0	1	122	0	0	0	0	0	0	0	0	0	0	1	0	0	0	0	0	0	0	0	0	0	0	0	0	0	49	0	0	0	0
AF273037.1.1503	7	0	4	0	0	0	23	1	0	0	7	1	0	0	0	0	6	2	0	3	0	0	0	0	4	0	5	7	0	12	56	0	22	3	9	2	1	6	1	2	0	15	0	0	0	0	0	0	16	1	0	8	101	5	1	12	6	5	1	9	2	3	1	0	1	1	3	0	8	2	0	2	0	0	0	0	0	0
HM159971.1.1501	585	99	108	4	1	0	84	59	0	7	118	36	6	28	56	83	150	89	6	13	70	7	90	231	2	4	92	85	47	105	87	1	21	60	161	118	162	13	1	20	10	101	19	76	1	50	0	0	3	63	0	106	13	259	30	148	13	26	165	104	11	3	83	375	23	62	177	6	93	29	15	115	3	21	1	0	6	176
HM159960.1.1478	45	12	10	1	0	0	33	14	0	0	26	7	1	6	9	5	38	33	6	0	16	1	19	28	0	0	39	13	20	34	19	1	14	14	18	27	63	1	0	25	0	16	9	26	0	7	0	0	1	5	0	28	5	53	6	58	5	4	45	34	1	0	36	50	6	26	42	0	28	9	9	40	0	3	0	0	11	14
KF599202.1.1356	0	0	0	3	1	1	0	0	0	0	1	0	0	0	3	1	13	0	0	2	0	0	0	0	24	7	0	2	27	0	1	37	4	0	5	3	0	36	0	1	0	13	7	0	3	0	0	0	2	1	0	10	25	0	4	6	0	0	1	0	0	7	0	0	1	0	1	19	9	8	0	2	0	0	2	0	0	4
OTU_dn_51	12	28	15	2	1	0	16	9	1	0	11	1	1	2	2	5	24	12	0	1	4	3	15	29	3	1	7	5	7	24	21	3	3	9	15	9	42	2	2	7	5	6	1	1	1	6	1	4	0	3	1	20	5	40	1	11	15	2	19	1	1	1	18	39	1	2	38	2	8	1	1	9	4	2	0	0	0	5
OTU_dn_10	332	16	29	93	14	0	9	46	26	16	25	12	23	30	1	14	18	45	32	10	9	38	19	59	30	11	33	14	21	32	48	8	31	47	22	64	34	11	15	28	4	49	38	22	48	28	12	10	45	39	13	14	31	82	23	30	36	37	61	22	11	27	47	49	9	38	45	22	21	11	6	21	24	30	0	8	2	43
OTU_dn_83	0	0	0	0	0	0	0	0	0	0	0	0	0	0	0	0	0	1	0	0	0	0	0	0	0	0	0	0	0	0	6	0	0	0	0	0	0	1	0	1	0	0	0	0	0	0	0	0	0	0	0	0	0	0	0	0	0	0	0	0	0	0	0	2	0	4	0	0	0	0	0	0	0	0	0	0	0	0
JSBA01000002.290223.291765	43	0	0	0	0	138	0	0	0	0	599	0	0	0	1699	226	1	1	0	236	287	0	0	0	0	6280	0	0	723	1	0	0	0	0	0	0	1	1	0	0	0	0	0	672	6	0	0	0	1	1	29	0	1	1	0	0	0	0	0	0	0	689	0	0	0	0	0	0	501	1	9	0	3	0	29	0	0	0
FJ950703.1.1499	0	0	0	0	0	0	0	160	0	1280	0	0	0	0	0	4350	0	0	0	0	0	0	0	0	0	0	0	0	0	0	0	0	0	0	0	0	0	6	0	0	0	0	0	0	44	0	0	0	129	0	0	0	0	0	0	0	0	0	0	28	0	66	0	0	0	0	0	0	0	0	0	0	0	1	0	0	0	0
KC119239.1.1507	1	0	0	1	0	0	15	2	0	0	10	0	0	0	1	0	3	2	0	2	0	0	1	2	0	0	2	5	0	1	35	0	13	0	6	1	2	3	0	1	0	10	3	8	0	0	0	0	2	0	0	2	52	2	1	0	17	5	0	4	3	0	0	5	0	1	2	3	5	2	0	4	0	1	0	0	0	2
EF187245.1.1409	473	953	718	146	184	28	241	324	522	118	446	62	39	232	101	33	830	125	603	78	76	140	649	98	213	99	336	179	422	140	276	259	170	92	133	157	1464	207	56	80	588	155	56	30	235	137	103	208	191	104	56	379	142	7127	206	192	1641	163	303	73	42	176	130	209	142	99	240	138	143	172	36	29	41	208	5	33	26	81
OTU_dn_4	465	19	86	28	33	1	19	18	31	1	32	57	55	4	40	79	22	33	12	35	35	81	22	19	35	21	11	54	14	39	58	38	30	24	54	13	15	61	51	3	31	57	27	16	154	27	22	35	59	26	17	44	23	14	17	40	21	62	7	19	28	116	9	41	33	20	29	17	18	12	16	31	38	11	0	10	1	30
OTU_dn_12	67	26	19	18	18	0	16	19	19	0	4	1	46	15	0	8	53	34	21	10	0	26	22	111	17	8	11	18	5	28	47	29	13	14	125	31	34	30	45	9	23	92	15	1	53	14	59	24	2	4	29	29	9	40	4	40	6	36	15	32	6	113	30	69	12	35	61	8	2	16	14	3	28	31	0	11	4	16
OTU_dn_2	350	41	91	13	36	16	11	12	21	11	47	38	42	3	54	108	27	33	14	25	30	100	41	64	52	44	13	36	13	25	58	21	20	15	113	16	24	45	60	2	39	41	8	27	111	24	29	50	50	50	12	26	28	65	12	24	17	55	38	32	13	149	10	74	35	11	37	14	19	5	8	17	32	19	0	12	0	27
HM215042.1.1484	0	31	1	213	5	0	3	70	58	0	1	5	22	7	0	0	26	132	0	3	1	10	3	0	11	145	4	6	32	16	27	112	14	4	11	12	8	66	35	2	0	27	11	3	74	21	26	1	0	14	10	20	13	22	9	197	1	3	87	9	0	16	2	20	4	6	14	7	27	2	14	2	6	12	0	11	2	7
OTU_dn_182	0	1	0	8	0	0	1	1	0	0	0	0	1	1	0	0	0	3	4	2	0	0	0	0	1	0	2	1	0	0	2	0	2	1	5	1	1	0	1	0	0	3	5	0	0	1	0	0	0	0	0	1	2	2	0	0	1	0	0	2	1	2	0	1	0	1	3	4	0	1	0	0	2	0	0	0	0	1
FJ950694.1.1472	6	24	79	84	0	0	114	141	334	30	240	0	54	0	0	0	67	0	0	1	4	1	0	70	0	8	4	21	1	32	13	0	0	6	0	18	15	0	1	0	130	0	5	1	0	8	0	0	3	9	18	5	24	38	6	2	49	12	0	2	291	1	1	3	0	1	1	267	1	27	0	69	0	53	2	0	0	0
OTU_dn_23	1	3	3	15	2	0	7	4	13	0	0	11	6	5	1	0	0	5	19	10	0	0	0	1	63	2	1	4	0	4	6	68	24	1	6	2	5	75	14	7	1	8	3	0	16	1	4	5	70	5	0	17	7	6	2	5	7	17	0	0	1	68	0	2	3	2	1	3	0	0	1	8	6	0	2	0	0	0
JB982625.1.1487	0	0	0	0	0	0	0	15	0	94	0	0	0	0	0	4	0	0	0	0	0	0	0	0	0	0	0	0	0	0	0	0	0	0	0	0	0	0	0	0	0	0	0	0	6	0	0	0	3	0	0	0	0	0	0	0	0	0	0	0	0	1	0	0	0	0	0	0	0	0	0	0	0	0	0	0	0	0
LC068761.1.1580	34	10	6	1	0	0	24	7	0	1	22	5	0	3	11	7	34	25	0	6	12	0	12	28	0	0	16	11	20	19	9	0	3	17	8	13	34	0	0	17	2	16	3	18	0	10	0	1	1	3	0	20	7	27	7	43	5	5	33	20	2	0	11	23	3	9	23	1	20	6	4	25	0	5	0	0	7	13
OTU_dn_22	369	24	7	1	0	0	1	50	1	0	108	4	0	0	15	3	11	6	0	0	3	1	4	23	1	0	1	7	1	11	2	1	0	18	0	22	10	14	0	4	0	32	0	14	0	20	0	0	0	28	0	9	2	6	4	2	0	0	12	69	2	0	2	63	0	2	31	0	38	1	0	1	0	0	0	0	0	23
OTU_dn_296	0	0	0	0	0	0	0	3	0	6	0	0	0	0	0	74	0	0	0	0	0	0	0	0	0	0	0	0	0	0	0	0	0	0	0	0	0	0	0	0	0	0	0	0	0	0	0	0	0	0	0	0	0	0	0	0	0	0	0	0	0	1	0	0	0	0	0	0	0	0	0	0	0	0	0	0	0	0
OTU_dn_68	258	2	1	2	0	1	0	0	18	0	0	0	0	0	1	0	0	0	0	2	0	0	0	0	6	1	0	4	0	0	1	10	0	3	0	0	0	4	1	0	0	1	1	0	38	1	1	5	0	0	0	0	1	0	0	0	0	2	0	0	0	21	0	2	0	1	0	0	2	0	0	0	0	0	0	12	0	0
GU272309.1.1504	0	0	0	0	0	0	0	0	0	454	0	0	0	0	0	0	0	0	0	0	0	0	0	0	0	0	0	0	0	0	0	0	0	0	0	0	0	0	0	0	0	0	0	0	0	0	0	0	0	0	0	0	0	0	0	0	0	0	0	0	0	1	0	0	0	0	1	0	0	0	0	0	0	0	0	0	0	0
OTU_dn_16	1347	3	1	5	0	0	0	0	42	0	0	0	2	0	1	0	0	0	0	3	0	0	0	0	2	0	4	0	0	0	0	4	0	5	0	1	0	6	4	0	0	0	1	0	211	2	1	19	1	0	3	0	1	0	0	1	0	0	0	0	1	9	0	8	0	0	3	1	5	0	1	0	0	0	0	58	0	2
OTU_dn_5	104	29	35	44	50	2	11	19	27	16	13	21	41	27	22	121	8	38	38	16	18	38	14	8	34	35	6	16	18	16	48	38	14	29	51	19	17	13	35	3	23	13	21	10	43	34	50	27	49	11	40	23	17	57	14	29	25	34	22	4	7	106	7	14	23	13	14	13	16	20	8	11	45	15	5	8	0	11
HM215048.1.1486	59	16	15	21	47	0	1	30	7	5	0	3	42	39	0	4	11	42	38	5	0	24	12	119	16	7	7	9	1	10	12	3	6	7	39	23	9	16	35	6	17	39	5	1	17	23	41	12	2	14	8	4	7	53	5	9	15	36	20	28	1	98	16	25	17	50	24	42	1	10	12	2	24	27	0	18	0	7
FJ975851.1.1365	3	17	9	1	0	0	11	2	0	0	4	0	0	0	0	0	0	8	3	5	0	2	0	0	0	0	13	12	0	7	29	0	14	10	54	1	0	0	0	0	2	38	25	1	0	2	0	0	0	0	0	0	10	2	0	13	8	0	18	0	5	0	0	0	0	0	2	1	0	0	0	1	1	20	0	0	0	0
HM235497.1.1460	0	0	0	1	0	0	0	0	0	0	0	0	0	0	0	0	0	0	0	0	0	0	0	0	0	0	0	0	3	0	0	0	0	0	0	0	0	0	0	0	0	0	0	0	0	0	0	0	0	0	0	0	0	0	0	0	0	0	1	0	0	0	0	0	0	0	0	0	0	0	0	0	0	0	0	0	0	0
GU940797.1.1396	0	220	136	115	10	0	6	0	150	0	88	0	15	0	0	0	27	118	2	3	0	97	0	0	3	0	0	0	15	424	12	0	11	96	0	6	1	0	4	12	2	0	0	6	0	10	38	0	1	4	33	0	85	26	0	0	14	0	0	0	106	0	2	0	0	0	0	32	2	0	1	16	384	0	0	0	0	0
FN821377.1.1489	1	0	0	0	0	2017	0	0	0	29	10	0	0	0	2010	680	0	0	0	4	1394	0	9	0	0	158	0	0	17	1	0	0	1	0	0	0	0	0	0	0	0	0	0	67	2	0	0	0	4	0	0	0	0	0	0	0	0	0	0	1	0	15	0	0	0	0	0	1	53	2	0	0	2	0	45	0	0	0
FN421601.1.1418	0	0	0	135	0	1	11	1	0	0	0	0	10	0	0	0	68	4	0	1	0	0	1	0	0	1	3	3	224	5	12	0	3	1	2	1	2	0	0	2	0	12	17	0	0	2	0	2	4	1	0	3	22	12	0	4	43	0	14	11	0	0	1	1	0	0	1	0	3	0	0	1	0	1	0	0	0	0
KF625186.1.1741	7	0	3	0	0	0	122	9	0	0	34	4	1	0	6	1	36	12	1	3	3	0	4	13	2	0	14	17	1	22	46	0	8	11	11	20	12	3	0	13	5	19	2	16	0	2	0	0	1	2	0	27	33	30	8	43	15	8	4	69	2	0	25	9	4	5	49	1	39	5	1	25	0	0	0	0	0	4
OTU_dn_42	6	2	0	1	0	0	3	8	0	4	15	3	0	6	1	0	3	4	25	1	4	2	8	3	8	0	28	3	0	3	9	8	10	2	4	17	9	2	0	1	1	1	0	1	0	7	0	1	11	0	0	2	5	111	7	2	7	3	35	6	5	7	9	10	4	5	7	0	4	0	0	1	0	1	0	1	0	3
OTU_dn_87	1	0	1	0	0	0	6	1	2	0	1	2	1	0	0	0	0	0	0	0	0	0	0	1	0	0	0	2	0	1	7	0	2	0	2	0	0	2	0	0	2	1	0	2	0	2	0	0	3	0	1	2	6	0	1	0	4	6	0	0	1	0	1	1	0	0	1	1	1	0	0	1	0	0	0	0	0	1
GU553044.1.1341	2	0	2	0	0	0	14	0	0	0	1	0	0	0	0	0	6	1	0	1	0	0	0	0	0	0	1	0	0	3	8	0	2	0	0	2	1	0	0	1	0	2	1	0	0	0	0	0	0	0	0	2	14	2	0	0	0	0	0	17	0	0	2	1	1	1	5	0	3	0	0	2	2	0	0	0	0	0
FJ984609.1.1451	0	0	0	15	2	0	0	6	1	0	23	0	0	0	0	0	2	0	0	0	0	0	0	0	0	1	0	0	0	0	4	0	0	0	0	30	0	16	0	0	1	0	1	1	0	0	0	0	0	0	0	0	0	0	0	3	1	0	0	0	95	12	0	0	0	0	0	76	4	0	0	0	0	54	1	0	0	0
OTU_dn_21	36	23	10	5	4	239	0	34	5	1	47	6	6	2	10	3	3	4	5	1	4	9	4	6	2	0	2	1	4	1	1	19	1	8	0	3	3	23	6	0	7	13	2	8	28	8	11	20	2	34	5	1	1	5	4	0	2	0	1	9	2	9	1	9	0	0	9	0	12	0	0	0	5	0	18	9	0	2
OTU_dn_47	0	1	0	0	0	0	1	6	0	0	0	33	0	0	1	2	0	1	0	9	0	0	0	0	10	9	0	0	0	1	21	17	3	0	3	5	5	11	0	2	0	1	7	0	1	0	0	0	15	0	0	6	0	0	0	15	0	1	1	0	1	1	4	5	3	1	2	0	0	1	0	0	0	1	0	0	0	11
OTU_dn_166	40	14	28	17	24	1	4	6	10	4	5	11	20	16	5	48	5	17	18	4	7	20	11	3	15	16	2	2	4	9	24	14	5	11	22	6	2	3	13	1	10	14	10	6	12	14	33	7	21	5	22	9	1	36	5	8	12	15	8	2	2	47	3	4	10	13	9	9	7	3	3	2	17	7	5	3	0	1
LFDY01000027.124228.125689	348	69	82	13	0	0	138	104	1	5	113	39	4	47	46	110	139	123	8	27	77	8	50	107	5	7	80	99	39	120	105	8	48	205	97	175	186	20	2	56	7	103	67	116	0	91	0	0	6	29	0	215	21	121	45	226	18	28	173	73	18	3	114	127	23	115	129	9	137	66	53	81	2	15	0	1	6	114
OTU_dn_36	0	8	0	10	0	0	37	3	0	0	6	4	0	4	5	3	24	6	0	6	10	0	5	34	1	0	9	10	5	4	13	1	1	14	3	7	19	1	0	2	1	6	7	12	0	7	0	1	2	1	1	14	3	25	5	18	4	2	8	18	2	0	16	11	3	16	6	2	15	3	0	11	0	2	0	0	1	14
OTU_dn_95	1	0	0	0	0	1	0	0	0	0	4	0	0	0	12	0	0	0	0	3	4	0	0	0	0	30	0	0	2	0	0	0	0	0	0	0	0	0	0	0	0	0	0	9	0	0	0	0	0	0	0	0	0	0	0	0	0	0	0	0	0	4	0	0	0	0	0	0	12	0	0	0	0	0	0	0	0	0
OTU_dn_13	151	11	17	9	6	0	2	5	22	0	9	14	26	7	7	18	4	20	6	13	15	29	7	2	22	10	6	13	8	10	16	15	5	6	15	5	10	13	19	1	4	13	3	5	47	8	14	12	14	5	2	24	7	7	3	7	4	25	3	3	9	27	0	9	7	6	6	3	7	4	4	3	15	5	0	5	1	7
OTU_dn_170	0	15	5	198	19	0	25	16	27	2	15	37	43	26	19	36	14	13	42	48	23	39	23	11	33	48	7	37	4	3	12	28	6	51	10	10	8	81	4	10	6	15	18	15	135	46	10	71	53	9	73	39	17	21	33	28	37	12	11	20	35	73	20	8	21	36	6	52	42	17	0	10	61	17	0	0	0	7
DQ837614.1.1335	0	0	0	1542	0	0	0	0	0	0	0	0	0	0	0	0	0	0	0	0	0	0	0	0	0	0	0	0	0	0	0	0	0	0	0	0	0	0	62	0	20	0	0	0	0	0	55	0	0	0	0	0	0	0	0	0	0	0	0	0	0	0	0	0	0	0	0	0	0	0	0	0	0	0	0	0	0	0
AF024608.1.1421	0	0	0	0	0	0	0	0	0	0	0	0	0	0	0	0	0	0	0	0	14	0	15	0	0	0	0	0	0	0	19	3	2	0	0	0	0	0	0	1	0	0	0	0	0	0	0	0	0	0	0	0	0	0	0	1	0	1	0	0	0	0	0	0	0	0	0	0	1	2	0	5	0	0	0	0	0	0
FX116246.16.1814	1	1	5	3	2	2	12	5	1	4	1	21	2	5	5	0	1	3	25	11	1	1	7	2	31	1	0	2	0	3	10	25	32	0	5	16	10	20	3	19	5	5	7	0	4	0	0	1	68	7	0	11	11	7	5	2	15	20	0	1	2	18	0	8	6	13	10	12	1	1	0	12	2	0	11	0	0	0
FJ940800.1.1498	0	0	6	1	0	0	0	0	1	0	6	0	0	0	0	0	0	0	0	0	0	0	0	0	0	0	0	1	4	0	1	0	2	0	0	1	1	21	0	0	0	0	0	0	2	0	0	0	0	0	0	0	0	0	0	0	8	0	0	0	3	0	3	0	0	0	3	6	11	0	7	0	0	22	0	0	0	0
FJ913065.1.1309	0	53	57	78	3	0	21	52	5	63	28	1	4	1	0	1	5	129	10	16	16	41	0	0	17	3	34	30	18	23	187	2	91	4	177	34	1	5	5	9	4	142	74	1	4	9	5	11	15	11	11	3	142	13	0	36	39	1	56	2	28	1	8	0	0	0	2	20	10	2	2	6	37	28	0	0	0	0
OTU_dn_14	118	93	30	65	181	77	19	54	12	2	34	18	37	49	20	101	20	41	89	15	20	121	71	125	43	16	22	19	4	22	47	32	16	38	46	45	42	33	49	15	82	27	13	15	61	25	77	73	87	46	112	43	21	343	40	41	46	27	62	19	8	105	39	81	22	13	64	32	23	13	2	12	57	42	2	15	0	14
OTU_dn_26	60	13	14	18	13	0	5	6	7	1	15	9	15	7	0	20	13	10	13	7	4	4	6	4	13	16	11	10	3	7	31	26	32	10	34	14	5	4	16	5	1	17	13	10	65	17	4	24	15	4	16	13	40	35	2	34	6	19	41	8	3	41	8	23	6	7	20	4	13	11	7	6	12	13	0	0	1	8
OTU_dn_18	2	7	13	19	5	2	5	18	3	2	8	17	11	3	14	3	7	20	22	8	6	5	10	5	11	0	9	4	6	13	6	17	15	3	6	21	12	19	6	6	1	2	6	1	7	9	3	1	19	15	0	25	14	13	12	5	17	12	5	15	19	18	11	6	3	10	13	8	17	4	0	12	6	2	4	1	0	8
GQ497246.1.1596	25	23	10	5	1	0	34	15	0	7	19	4	1	8	5	5	25	21	6	5	16	1	10	20	0	1	63	30	12	26	63	0	27	25	151	20	43	7	1	12	2	130	56	22	0	11	0	0	1	4	0	26	17	41	5	68	14	1	73	12	1	1	30	34	2	27	31	1	25	11	10	26	0	41	0	0	5	20
FCOR01000008.2109.3631	0	0	0	0	0	0	0	0	66	8	0	1	0	0	0	5	0	0	0	93	0	0	0	0	106	127	0	155	0	7	3	31	2	0	0	93	0	166	0	42	0	2	143	0	0	0	0	0	1	0	0	153	0	0	6	171	0	2	0	0	0	43	0	0	7	21	13	0	1	35	0	4	0	0	0	0	0	29
OTU_dn_128	46	16	12	9	29	0	6	12	14	7	2	7	18	12	0	5	17	32	12	8	0	11	17	80	11	10	3	10	11	6	14	14	1	5	43	11	10	16	28	5	52	27	0	0	19	12	33	12	0	7	23	5	3	45	1	27	1	21	12	14	0	63	7	13	28	12	16	14	0	6	17	4	27	19	0	5	4	2
OTU_dn_220	50	4	11	2	2	2	0	0	11	0	2	9	7	1	1	5	8	8	0	1	2	2	7	6	1	1	1	3	4	2	5	1	2	0	4	0	1	5	3	1	2	9	0	1	12	1	1	3	6	5	0	0	1	9	1	7	0	3	0	1	1	6	1	1	6	0	3	4	4	0	2	1	2	3	0	0	1	3
OTU_dn_39	70	3	8	0	0	0	15	5	0	5	13	7	3	1	6	4	19	6	0	3	8	0	6	24	0	1	10	10	5	8	16	0	3	4	13	7	16	6	0	1	3	11	4	2	0	4	0	0	9	9	0	12	17	11	4	15	7	11	8	10	2	0	4	20	5	2	20	0	9	1	1	21	1	0	0	0	0	20
FM179752.1.1686	0	18	4	3	0	0	234	10	0	14	318	50	32	2	16	3	25	22	2	2	5	0	40	69	0	5	102	62	40	38	465	12	17	2	9	26	84	90	0	77	1	10	5	250	0	20	0	1	0	2	1	88	52	18	24	28	710	561	6	56	33	1	35	31	32	39	37	19	176	43	11	206	0	3	0	0	14	23
OTU_dn_328	204	41	34	2	0	0	77	67	0	5	70	33	1	29	34	65	39	60	10	13	64	9	44	65	2	2	63	52	29	76	59	4	28	137	68	112	86	12	0	31	8	78	60	53	1	67	0	0	6	19	1	135	16	72	25	155	10	12	67	38	21	5	83	66	14	72	80	2	129	36	21	39	1	9	0	0	1	53
OTU_dn_24	534	8	7	1	0	20	0	6	6	0	23	3	1	0	7	2	1	0	0	1	1	1	1	1	0	0	0	1	0	2	0	7	0	2	0	0	0	10	1	0	2	4	0	1	44	1	1	6	1	22	0	2	4	0	2	0	0	0	0	8	1	4	0	7	0	0	0	0	3	0	0	0	1	0	0	17	0	4
OTU_dn_299	0	13	0	5	0	4	5	0	0	0	0	0	0	1	0	1	0	0	0	0	30	0	0	0	5	0	0	0	4	0	0	6	1	0	0	0	0	0	180	0	0	0	1	0	1	0	0	0	0	0	0	2	1	1	1	1	0	2	1	0	1	0	0	0	2	0	0	0	5	3	11	0	1	0	0	0	0	1
OTU_dn_172	43	0	6	3	0	0	2	0	1	0	3	3	2	0	3	7	1	3	0	2	3	7	3	2	3	0	0	3	2	2	0	1	2	3	6	0	1	9	5	0	6	4	2	1	15	2	2	1	5	5	0	4	2	1	0	2	0	8	0	3	0	11	1	7	5	1	0	1	1	0	0	1	5	3	0	1	1	3
HM461227.1.1469	17	6	2	0	0	0	6	4	0	0	5	2	0	2	5	2	17	14	1	1	12	0	8	10	0	0	10	6	7	11	7	0	3	8	1	9	22	0	0	10	0	8	3	4	0	4	0	0	0	1	0	13	0	20	1	23	0	1	20	8	1	0	8	20	5	8	12	3	9	2	6	4	0	1	0	0	3	10
OTU_dn_9	1	0	0	0	0	21	18	10	0	0	2	1	0	4	0	0	0	2	0	0	2	0	7	0	2	0	16	1	0	10	107	11	84	6	1	1	8	0	0	0	59	7	0	4	0	0	0	0	0	0	0	0	1	62	16	27	198	0	0	18	1	2	0	6	1	0	1	1	2	23	0	77	0	4	223	0	1	1
HG917238.1.1458	0	0	0	0	1	0	1	0	0	2	0	4	0	0	0	0	0	2	5	1	0	0	0	0	9	3	0	1	0	0	0	11	10	0	1	0	0	5	0	1	0	0	0	0	1	0	0	0	5	0	0	1	0	0	0	1	0	5	0	0	0	12	0	0	0	3	0	0	0	0	0	0	0	0	0	0	0	0
OTU_dn_25	5	16	10	35	1	0	12	1	4	0	6	2	1	0	1	0	4	7	9	7	1	10	2	8	23	0	7	15	2	3	43	0	27	2	115	2	4	8	0	0	8	61	26	3	1	0	2	38	3	3	0	6	29	0	1	11	14	6	14	2	3	3	1	7	1	2	0	1	3	0	0	4	3	40	0	0	0	6
HM049693.1.1502	0	0	0	1	0	0	1	0	0	0	1	0	0	0	0	0	2	0	0	0	0	0	1	0	1	0	3	0	0	0	2	0	0	1	1	1	0	0	0	0	0	1	0	0	0	0	0	0	1	0	0	3	5	0	0	0	2	7	0	4	0	0	1	1	3	0	0	0	1	1	0	0	0	0	0	0	0	0
FR863613.1.1483	3	0	0	0	0	0	15	0	0	0	4	0	0	0	1	0	7	2	0	0	0	0	1	1	0	0	2	4	0	6	17	0	2	0	1	2	1	0	0	3	0	5	1	0	0	0	0	0	4	2	0	1	22	11	1	5	1	0	0	5	0	0	1	0	0	1	2	0	2	2	1	4	1	0	0	0	0	0
OTU_dn_74	21	0	5	0	1	0	2	0	0	0	0	1	0	1	3	1	6	8	1	0	3	0	3	7	0	1	5	7	3	4	6	0	1	2	1	5	8	0	0	2	0	6	0	2	0	3	0	0	0	1	0	4	0	6	1	5	0	1	6	0	1	0	1	15	2	4	4	0	5	0	4	7	0	1	0	0	6	15
OTU_dn_64	7	4	0	8	0	0	1	7	0	0	17	0	1	0	2	1	4	2	3	1	1	0	1	7	1	0	0	2	1	4	2	1	0	1	1	5	3	6	0	0	1	10	3	4	0	3	0	1	0	6	0	2	7	2	4	0	0	0	1	12	1	0	1	13	0	0	5	0	6	0	0	0	0	1	0	0	1	6
FAQS01038997.51.1616	0	0	0	0	0	0	0	0	0	0	0	0	0	0	0	0	0	0	0	0	0	0	0	0	0	0	0	0	0	0	0	0	0	0	0	0	0	0	0	0	0	0	0	46	0	0	0	0	0	0	0	0	0	0	0	0	0	0	0	0	0	0	0	0	0	0	0	0	51	0	0	0	0	0	0	0	0	0
OTU_dn_19	0	7	4	4	0	0	42	3	0	16	9	7	0	2	2	6	17	4	3	0	13	2	7	37	0	1	13	15	0	3	8	0	1	17	8	16	27	2	0	7	0	10	4	12	1	13	0	0	0	1	0	22	4	24	11	18	2	3	28	14	1	0	22	5	1	19	10	5	27	6	1	9	0	3	0	0	5	9
OTU_dn_106	0	0	1	0	0	9	0	0	2	0	16	0	0	0	15	10	0	1	0	0	12	4	0	6	0	0	0	0	2	2	1	0	0	0	0	0	0	0	0	0	0	0	0	19	1	0	0	0	0	3	0	0	0	3	1	0	0	0	2	0	0	0	0	0	0	0	0	0	8	0	1	3	1	0	12	0	0	0
KJ577597.1.1504	0	0	0	0	0	0	0	0	0	0	0	0	0	0	0	0	0	0	0	0	0	0	0	0	0	0	0	1	0	0	1	0	1	0	1	1	0	0	0	0	0	2	2	0	0	0	0	0	0	0	0	0	6	0	0	0	0	0	1	0	0	0	0	1	0	0	0	0	0	0	0	0	0	0	0	0	0	0
AJ971847.1.1378	0	0	0	0	0	15	2	4	0	0	22	3	0	1	133	16	9	1	1	30	23	0	2	0	63	23	5	21	93	15	3	281	26	0	22	42	12	515	0	19	0	24	17	39	53	0	0	0	1	1	0	45	45	1	4	37	1	8	0	0	0	20	7	14	11	15	108	52	34	8	7	6	2	6	10	0	1	8
HM112780.1.1382	10	0	0	0	0	0	0	0	0	0	0	0	0	0	0	0	0	0	0	44	0	0	0	0	0	0	0	0	1	0	0	0	0	0	0	0	0	2	0	0	0	4	0	0	0	0	0	0	0	0	39	0	0	0	2	0	0	0	0	2	0	229	0	0	0	0	0	8	2	0	0	0	0	0	0	0	0	0
OTU_dn_44	37	2	1	2	10	0	3	2	3	2	1	2	6	6	1	3	0	3	12	1	6	1	7	0	8	2	11	2	2	1	10	3	3	5	11	4	1	2	0	0	10	0	1	2	3	4	3	7	9	3	12	1	2	130	1	2	0	0	10	2	0	1	1	3	4	1	2	1	0	1	3	1	1	3	0	0	0	0
OTU_dn_7	19	12	28	32	13	1	27	43	4	5	49	26	26	28	30	0	14	40	95	41	9	18	32	17	37	3	34	30	32	46	35	48	49	15	5	43	69	25	8	35	10	24	12	6	1	18	4	4	52	29	0	60	39	58	31	18	41	45	19	38	49	41	44	35	11	26	46	26	60	29	1	16	16	11	16	1	0	15
OTU_dn_15	95	37	13	46	0	0	45	16	4	0	28	7	3	0	7	10	23	18	11	30	10	12	15	38	34	0	25	46	3	15	88	0	59	13	195	25	27	15	1	2	18	102	53	15	0	8	2	44	22	13	1	16	59	9	9	27	45	17	31	23	10	9	18	62	5	10	39	1	17	3	4	32	11	55	0	0	2	15
HM556602.1.1374	2	2	1	0	0	0	2	1	0	0	40	1	0	0	2	0	4	3	0	7	3	0	0	2	0	0	48	4	0	2	5	0	7	0	0	1	10	0	0	4	0	4	12	18	0	2	0	0	0	0	0	0	1	2	0	4	0	0	3	4	0	0	30	5	0	1	43	0	72	2	0	32	0	0	0	0	3	1
OTU_dn_54	0	0	0	0	0	9	0	0	0	0	2	0	0	0	61	13	0	0	0	1	16	0	0	0	0	1	0	0	0	0	0	0	0	0	0	0	0	0	0	0	0	0	0	8	0	0	0	0	0	1	0	0	0	0	0	0	0	0	0	0	0	0	0	0	0	0	0	0	4	0	0	0	0	0	1	0	0	0
HM854257.1.1450	17	2	2	1	0	0	50	5	0	0	9	0	0	0	1	0	22	9	0	1	0	0	0	7	0	0	13	10	0	14	37	0	4	2	3	9	3	1	0	7	0	11	3	1	0	0	0	0	1	1	0	10	32	13	2	22	1	1	3	23	1	0	11	4	2	5	24	2	15	4	0	10	0	0	0	0	0	1
KF064868.1.1369	0	0	0	13	0	0	0	0	0	0	0	0	0	0	0	0	5	0	0	0	0	0	0	0	0	0	0	0	17	0	0	0	0	1	0	0	0	0	0	0	0	0	1	0	0	0	0	0	0	0	0	0	0	0	0	0	9	0	3	0	0	0	0	0	0	0	0	0	0	0	0	0	0	0	0	0	0	0
OTU_dn_52	85	0	0	1	0	0	0	0	0	0	0	0	0	0	0	0	0	0	0	0	0	0	0	1	0	0	0	0	0	0	0	0	0	0	0	0	0	1	0	0	0	0	0	0	0	0	0	0	0	0	0	0	0	0	0	1	0	0	0	0	0	0	0	0	0	0	1	0	2	0	0	0	0	0	0	0	0	1
OTU_dn_27	55	4	1	2	2	0	6	1	1	1	11	2	1	5	3	8	8	3	5	1	13	2	4	5	3	0	44	9	1	8	18	1	15	9	39	20	10	0	2	1	1	7	5	11	10	13	0	12	4	1	1	14	9	72	4	7	2	4	65	4	5	1	3	25	3	8	6	1	8	3	0	2	0	1	0	2	1	17
AEKT01000037.108.1664	0	0	0	0	0	0	0	0	0	0	0	0	0	0	0	0	121	0	0	0	0	0	0	0	0	0	0	0	0	0	0	0	0	0	0	0	0	0	0	0	0	0	0	0	0	0	0	0	0	0	0	0	0	0	0	0	0	0	0	0	0	0	0	0	0	0	0	5	0	0	0	0	0	0	0	0	0	0
KF906832.1.1563	0	3	0	1	0	0	5	0	0	0	3	0	1	0	0	0	1	2	0	1	0	0	0	0	0	0	2	2	0	0	35	0	11	0	4	1	0	1	0	0	0	12	1	1	0	0	0	0	4	0	0	0	49	0	0	2	5	8	3	4	0	0	0	0	1	0	1	0	6	0	0	2	0	0	0	0	0	2
OTU_dn_112	5	1	2	5	1	0	7	2	7	0	2	7	1	0	1	3	2	3	1	3	2	7	2	4	4	9	0	8	1	2	5	2	1	1	6	1	2	5	1	1	2	1	0	2	34	1	0	5	1	0	0	1	4	3	1	1	2	2	1	2	2	6	1	0	2	0	1	3	4	1	0	3	8	1	0	0	0	2
OTU_dn_213	1	1	1	1	0	0	0	0	0	0	1	0	0	0	0	1	0	0	0	0	0	0	0	0	0	0	0	0	0	0	0	1	0	0	0	0	0	3	0	0	0	0	1	1	2	0	0	0	0	0	1	1	0	0	0	0	0	0	0	1	2	0	0	0	0	0	1	0	4	0	0	0	0	0	0	0	0	0
OTU_dn_104	0	0	0	0	0	0	0	0	0	0	0	0	0	0	0	0	0	0	0	0	0	0	0	0	2	0	0	1	0	0	1	1	0	0	0	1	0	2	0	0	0	0	0	0	0	0	0	0	0	0	0	0	0	0	0	2	0	0	0	0	0	1	0	0	0	0	0	0	0	0	0	0	0	0	0	0	0	1
AB180734.1.1509	0	0	0	0	0	0	0	0	0	12	0	0	0	0	0	0	0	0	0	0	0	0	0	0	0	0	0	0	0	0	0	0	0	0	0	0	0	0	0	0	0	0	0	0	0	0	0	0	0	0	0	0	0	0	0	0	0	0	0	0	0	0	0	0	0	0	0	0	0	0	0	0	0	0	0	0	0	0
AB821277.1.1211	0	0	0	0	0	0	0	0	0	0	0	0	0	0	0	0	0	1	0	0	0	0	0	0	0	0	0	0	0	0	3	0	1	0	0	0	0	0	0	0	0	4	0	0	0	0	0	0	0	0	0	0	9	0	0	1	0	0	0	0	0	0	1	0	0	0	0	0	0	0	0	0	0	0	0	0	0	0
OTU_dn_49	380	1	0	0	0	3	0	0	17	0	0	0	1	0	0	0	0	0	0	0	0	0	0	0	0	0	0	0	0	0	0	0	0	2	0	0	0	1	2	0	0	0	0	0	41	0	2	5	0	0	1	0	0	0	0	0	0	0	0	0	0	0	0	2	0	0	1	0	1	0	0	0	0	0	0	27	0	1
OTU_dn_17	104	12	8	11	8	0	8	8	8	0	12	2	6	3	9	19	16	7	3	4	4	25	16	8	17	11	11	16	9	5	25	9	6	6	24	30	39	29	6	3	9	35	17	8	23	13	6	6	17	14	6	29	19	11	7	21	4	7	16	7	7	45	22	71	6	2	17	3	10	10	3	6	8	2	0	4	2	31
OTU_dn_29	0	0	1	0	0	14	0	0	0	0	69	0	0	0	54	0	0	0	0	0	14	1	0	13	0	0	0	0	2	0	0	0	0	0	0	0	0	0	0	0	0	0	0	6	0	0	0	0	0	14	0	0	2	0	0	0	0	0	0	0	0	0	0	0	0	0	0	0	23	1	0	10	8	0	42	0	0	0
JN178637.1.1478	0	0	0	0	0	0	0	0	0	0	0	0	0	0	0	0	0	0	0	0	0	0	14	0	0	0	0	0	0	0	0	0	0	0	0	0	0	0	0	0	0	0	0	0	0	0	0	0	0	0	0	0	0	0	0	0	0	0	0	0	0	0	0	0	0	0	0	0	0	0	0	0	0	0	0	0	0	0
OTU_dn_155	71	2	1	2	0	1	1	3	3	0	5	1	2	0	0	0	0	0	0	1	1	5	1	1	0	3	0	0	1	1	0	6	0	1	1	0	2	3	3	0	0	1	1	2	11	0	0	5	0	2	1	1	0	0	0	0	0	1	0	2	1	0	0	2	1	0	0	0	5	0	0	0	0	0	1	6	0	0
OTU_dn_90	9	3	1	0	0	0	0	3	2	0	1	0	0	0	0	0	0	3	0	0	0	2	0	2	0	0	0	1	0	1	0	2	0	0	0	1	0	3	0	0	2	6	0	0	10	2	1	4	0	1	2	0	0	0	0	0	0	0	0	6	0	3	0	0	0	0	3	0	0	0	0	0	1	0	0	4	0	0
OTU_dn_38	2	0	0	2	0	2	3	0	2	0	1	1	1	2	0	0	0	3	0	1	1	1	0	4	0	5	0	0	6	1	1	3	4	1	1	1	0	0	0	0	0	2	0	2	4	0	0	1	2	0	0	1	3	1	2	0	1	0	0	1	0	2	0	0	0	0	0	2	0	0	6	3	1	1	1	0	0	0
HG798413.1.1376	0	0	0	0	0	0	1	2	0	120	0	0	1	0	146	3	62	2	0	0	3	0	3	0	0	0	5	2	30	38	0	1	18	0	0	1	9	7	0	3	0	0	0	117	14	1	0	0	11	0	0	14	0	33	0	1	0	0	0	49	0	2	0	2	9	1	1	1	74	1	0	0	2	0	0	0	3	1
GQ083830.1.1341	0	0	0	0	0	1	0	1	0	26	0	0	0	0	0	0	0	0	0	0	0	0	0	0	0	0	0	0	0	0	0	0	0	0	0	0	0	0	0	0	0	0	0	0	0	0	0	0	2	0	0	0	0	0	0	0	0	0	0	0	0	0	0	0	0	0	0	0	0	0	0	0	0	0	0	0	0	0
FJ937899.1.1556	0	0	0	0	0	0	0	6	0	132	0	0	0	0	0	14	0	0	0	0	0	0	0	0	1	2	0	0	1	0	0	0	0	0	0	0	2	0	0	0	0	0	0	0	3	1	0	0	12	0	0	0	0	1	0	0	0	1	0	14	0	18	0	0	0	0	0	0	1	0	0	0	0	0	0	0	0	0
OTU_dn_78	0	0	0	0	0	0	0	1	0	0	0	0	0	1	0	0	1	1	0	0	0	0	0	0	0	0	0	0	0	0	0	0	0	0	0	1	0	0	0	0	0	0	0	0	0	0	0	0	0	0	0	1	0	0	0	0	0	0	0	1	0	0	0	0	0	0	0	1	4	0	0	0	0	0	0	0	0	1
OTU_dn_6	84	23	18	2	0	0	58	29	1	7	43	12	8	26	21	39	29	53	12	9	44	2	25	23	0	7	22	34	27	59	33	1	8	47	22	48	69	4	0	20	2	31	23	41	0	42	0	0	0	8	0	76	3	50	15	112	13	10	50	19	18	2	41	52	7	58	43	5	56	29	29	39	1	5	0	0	2	43
OTU_dn_139	3	1	0	5	0	0	4	0	0	0	4	1	2	0	0	2	3	5	1	2	1	0	3	1	1	0	1	3	2	5	5	0	4	1	2	1	1	0	0	1	1	3	2	1	0	2	0	0	0	0	0	1	2	0	2	1	2	2	3	0	0	1	0	2	0	1	0	0	4	1	4	1	1	1	0	0	0	1
HQ721246.1.1770	0	0	0	0	0	0	0	0	0	0	0	0	0	0	0	0	0	0	0	0	0	0	0	0	0	0	0	0	0	0	0	0	0	0	0	0	0	0	0	0	0	0	0	0	0	0	0	0	0	0	0	0	0	0	0	0	0	0	0	0	1	0	0	0	0	0	0	78	0	0	0	0	0	0	0	0	0	0
OTU_dn_283	1	0	1	1	1	0	0	1	0	0	0	0	0	0	0	0	0	0	0	0	0	0	0	0	0	0	0	0	0	0	0	1	0	0	0	0	1	0	0	0	0	0	0	0	0	0	0	0	0	0	1	0	0	1	0	0	0	0	0	0	0	0	0	0	0	0	0	0	0	0	0	0	0	0	0	0	0	0
OTU_dn_314	0	4	4	9	3	0	1	0	1	2	3	4	1	1	0	3	3	1	0	0	0	3	2	3	1	2	1	1	2	0	6	3	0	4	3	3	2	4	2	1	0	4	1	0	13	3	1	3	8	0	6	0	1	6	1	1	2	4	2	0	0	4	0	0	1	2	2	3	3	1	1	0	3	4	0	0	0	0
OTU_dn_55	33	1	3	5	6	1	1	4	3	0	2	1	5	1	3	5	3	3	1	1	2	8	3	1	11	3	1	8	5	1	4	3	3	2	5	6	4	7	4	1	1	3	12	0	7	8	4	1	8	2	3	12	6	2	0	4	3	4	3	1	0	17	2	2	2	1	2	1	3	3	3	1	10	2	0	2	0	7
OTU_dn_102	0	2	0	0	0	0	0	2	0	0	0	9	0	0	0	1	0	0	0	4	0	0	0	0	10	6	0	1	0	0	3	8	1	0	3	1	0	5	0	0	0	0	0	0	0	0	0	0	4	0	0	1	0	0	0	7	0	0	0	0	0	7	0	1	1	1	1	2	0	3	0	0	0	1	0	0	0	1
OTU_dn_122	5	2	4	0	0	0	0	1	0	0	0	0	0	0	1	0	3	1	0	0	0	1	2	0	0	0	1	0	0	1	1	0	0	0	0	1	2	0	0	0	0	0	0	0	1	0	0	0	1	2	0	0	0	7	1	0	1	0	1	1	0	0	0	1	0	0	0	1	0	0	0	0	0	3	0	0	0	0
GU471202.1.1252	1	0	0	1	0	0	0	0	0	0	0	0	0	0	0	0	0	0	0	0	2	0	0	0	0	0	14	0	4	1	0	0	0	0	6	0	1	0	0	0	0	0	10	1	0	0	0	0	0	0	0	6	0	0	4	0	8	0	0	0	0	0	0	0	0	2	0	0	4	0	0	0	0	0	0	0	1	2
OTU_dn_264	58	0	0	2	0	40	0	0	1	0	10	1	0	2	4	23	0	2	10	1	14	1	1	1	2	0	2	0	0	0	0	1	0	1	2	2	0	0	0	1	0	1	0	14	4	1	1	2	5	2	0	0	1	25	1	0	0	1	6	1	0	0	0	4	0	2	0	0	9	0	3	0	0	1	4	0	0	0
OTU_dn_136	0	4	0	1	0	0	5	0	0	0	1	0	0	0	1	0	0	2	5	1	0	0	0	0	1	0	7	8	0	0	13	0	6	0	31	0	0	0	0	0	0	30	13	0	0	0	0	0	1	0	0	0	7	0	0	7	11	0	8	0	0	0	0	0	0	0	0	0	0	1	0	1	1	10	0	0	0	0
OTU_dn_70	5	1	1	0	0	0	6	1	0	0	1	1	0	2	4	4	6	6	1	0	1	1	2	7	0	0	2	4	0	4	2	0	2	4	0	2	6	0	0	3	0	3	1	2	0	4	0	0	0	1	0	5	0	5	2	8	1	0	4	1	0	1	10	2	1	6	3	0	6	1	2	4	0	1	0	0	2	2
OTU_dn_111	3	8	1	1	2	0	3	0	0	0	1	0	1	0	0	1	0	0	0	1	4	0	1	0	3	0	0	0	1	1	0	1	0	2	0	0	0	1	56	0	0	1	2	0	0	0	1	1	0	0	0	0	1	1	0	0	1	0	0	0	0	2	0	0	1	0	0	0	1	0	1	0	0	0	0	0	0	0
GQ267986.1.1426	0	0	0	0	0	0	0	0	0	0	0	0	0	0	0	0	0	0	0	0	0	0	0	0	0	0	0	0	0	0	0	0	0	0	3	1	0	0	0	0	0	3	0	0	1	0	0	28	0	0	2	0	0	0	0	0	0	0	1	0	0	0	0	0	0	0	0	0	0	0	0	0	0	2	0	0	0	0
JUYT01000096.171.1693	0	0	0	2	0	0	0	0	0	5	3	0	0	0	0	0	38	0	0	0	0	0	0	0	0	0	0	0	0	0	0	0	0	0	0	3	0	0	0	0	0	0	0	0	0	0	0	0	0	0	0	0	0	0	0	0	0	0	0	0	9	0	0	0	0	0	0	6	0	0	0	0	0	3	0	0	0	0
AWGA01000005.47.1564	0	1	212	7	3	0	40	2	0	0	40	0	0	11	1	0	20	47	0	0	14	0	27	6	0	1	0	1	1	0	3	9	0	0	1	10	1	0	1	1	0	0	3	26	0	87	0	0	0	1	0	0	0	47	0	9	3	6	0	70	0	2	0	0	4	1	9	0	24	1	5	10	0	0	0	0	0	0
OTU_dn_229	21	2	4	6	3	0	3	4	7	1	3	4	8	6	2	6	3	7	2	5	3	4	4	0	6	7	2	2	5	5	4	12	10	4	6	4	2	7	11	3	2	0	3	0	10	4	4	3	9	2	3	6	2	9	3	4	1	5	4	1	3	6	0	2	4	4	1	3	4	1	3	1	4	4	1	0	0	4
FJ957467.1.1521	0	0	0	1	0	0	0	2	0	103	0	0	0	0	0	1	0	0	0	0	0	0	0	1	1	0	0	0	1	1	0	0	0	0	0	0	0	0	0	0	0	0	0	0	4	0	0	0	5	0	0	0	0	1	0	0	0	0	0	1	0	0	0	0	0	0	0	0	0	0	0	0	0	0	0	0	0	0
OTU_dn_214	6	1	1	6	4	0	1	2	2	0	1	0	3	4	0	1	0	3	2	0	0	2	0	0	1	4	0	2	1	1	6	6	2	2	1	1	0	2	6	0	0	2	2	2	10	3	0	2	1	1	5	2	4	1	0	1	2	6	0	2	0	5	1	0	2	2	0	0	0	0	1	0	4	1	0	2	0	1
KF058018.1.1465	0	0	0	0	0	0	4	0	0	0	0	0	0	0	0	0	0	0	0	0	0	0	0	0	0	0	0	0	0	0	0	0	1	0	0	0	0	0	1	0	0	0	0	0	0	0	0	0	0	0	0	1	3	0	1	0	0	0	0	2	0	0	0	0	0	0	0	0	1	0	0	0	0	0	0	0	0	0
HM122049.1.1317	0	0	1	3	0	1	0	0	0	0	4	0	0	0	0	0	0	0	0	0	0	0	0	0	0	0	1	0	0	1	0	0	0	0	0	3	0	0	0	0	1	0	0	0	0	0	0	0	5	0	0	0	0	0	0	0	1	0	0	0	24	0	0	0	0	0	1	92	0	0	0	0	0	20	0	0	0	0
OTU_dn_156	2	0	0	0	1	0	0	0	1	0	1	0	0	0	0	0	0	0	0	0	0	2	0	1	0	0	0	0	0	0	1	0	0	0	1	2	2	2	1	0	0	0	0	0	0	0	0	0	0	0	1	0	0	1	0	1	0	0	0	1	0	0	0	1	2	0	0	1	0	1	1	0	0	0	0	0	0	0
OTU_dn_199	4	0	0	0	0	0	0	0	0	0	2	0	0	1	0	0	0	0	0	0	1	1	0	0	0	1	0	1	1	0	1	0	0	0	0	0	2	0	0	0	0	0	0	0	0	0	0	0	0	0	1	0	0	0	0	1	0	0	0	0	0	0	0	0	0	0	0	0	0	0	0	0	0	0	0	0	0	0
OTU_dn_33	2	2	0	0	0	0	0	2	0	0	0	67	0	2	0	3	0	0	0	19	0	0	0	0	37	17	0	0	1	0	28	25	0	0	6	5	4	17	0	4	2	1	1	1	0	0	0	0	21	0	0	2	2	1	1	24	0	2	4	0	0	13	1	2	2	7	2	0	2	6	0	0	0	3	0	0	0	10
GQ267893.1.1489	0	0	0	0	0	0	0	0	0	35	0	0	0	0	0	0	0	0	0	0	0	0	0	0	0	0	0	0	0	0	0	0	0	0	0	0	0	0	0	0	0	0	0	0	0	0	0	0	0	0	0	0	0	0	0	0	0	0	0	0	0	0	0	0	0	0	0	5	0	0	0	0	0	0	0	0	0	0
OTU_dn_265	23	0	7	11	3	0	1	4	11	1	4	10	4	2	2	4	0	12	4	4	4	3	2	0	8	3	0	1	5	6	6	6	6	2	1	2	0	4	4	4	0	1	1	0	6	1	3	5	7	5	6	2	3	0	0	2	3	2	2	1	3	9	2	1	2	5	1	2	0	1	1	1	3	0	1	1	0	47
KF078047.1.1392	0	0	0	0	0	0	0	0	0	4	0	0	0	0	0	0	0	0	0	0	0	0	0	0	0	0	0	0	0	0	0	0	0	0	0	0	0	2	0	0	0	0	0	0	0	0	0	0	0	0	0	0	0	0	0	0	0	0	0	0	0	0	0	0	0	0	0	0	0	0	0	0	0	0	0	0	0	0
OTU_dn_37	1	1	0	0	0	1	1	2	0	0	0	21	0	0	1	2	0	1	0	3	0	0	0	0	9	3	0	0	5	0	6	0	0	0	0	1	2	4	0	4	0	0	1	1	0	0	0	0	14	1	0	0	0	0	4	3	1	0	0	0	0	6	0	1	0	5	0	3	0	1	0	0	0	1	0	0	0	4
OTU_dn_110	4	2	2	0	4	1	0	0	0	0	1	0	2	1	0	2	0	1	0	0	1	6	0	1	3	1	0	0	0	0	0	0	0	2	1	1	3	0	4	0	2	0	0	0	2	1	3	0	2	2	1	0	1	1	0	1	0	0	0	0	0	3	1	0	1	0	0	1	1	2	0	1	2	1	0	0	1	1
OTU_dn_134	0	5	4	1	1	0	0	0	0	0	1	0	0	0	0	0	0	1	0	0	0	5	0	0	1	0	0	0	0	1	1	0	0	0	0	0	0	0	0	0	0	0	0	0	0	0	0	0	0	0	0	0	0	0	0	0	0	0	0	0	0	0	0	0	0	0	0	0	0	0	0	0	9	0	0	0	0	0
FM873933.1.1469	0	0	0	0	0	0	0	0	0	41	0	0	0	0	0	0	0	0	0	0	0	0	0	0	0	0	0	0	0	0	0	0	0	0	0	0	0	0	0	0	0	0	0	0	0	0	0	0	15	0	0	0	0	0	0	0	0	0	0	0	0	0	0	0	0	0	0	1	0	0	0	0	0	0	0	0	0	0
KJ160188.1.1489	12	5	1	0	0	0	8	2	0	0	5	3	0	2	1	0	7	6	1	1	0	0	5	4	0	0	9	5	9	14	3	0	0	4	5	5	12	1	0	2	0	6	1	6	0	3	0	0	0	1	0	11	1	9	1	11	1	0	12	6	1	1	4	10	2	6	8	1	5	4	7	14	0	0	0	0	3	5
OTU_dn_41	0	0	0	48	0	0	0	0	0	0	0	0	0	0	0	0	0	48	0	0	0	0	0	0	0	0	0	0	0	0	0	0	0	0	0	0	0	0	0	0	0	0	0	0	0	0	0	0	0	0	0	0	0	0	0	0	2	0	0	0	0	3	0	0	0	0	0	0	0	0	0	0	0	0	0	0	0	0
KF182288.1.1413	0	0	0	0	0	0	0	0	0	0	2	0	0	0	0	0	0	0	0	0	0	0	0	0	0	0	0	0	0	0	0	0	0	0	0	0	0	0	0	0	0	0	0	0	0	0	0	0	0	0	0	0	0	0	0	0	3	3	0	0	0	0	0	0	0	0	0	0	0	0	0	0	0	0	0	0	0	0
OTU_dn_28	6	35	8	3	13	0	6	8	1	1	1	0	0	1	0	1	7	1	18	1	1	7	18	5	4	0	3	6	0	0	5	6	1	2	2	3	44	5	0	1	35	2	0	1	5	2	2	1	6	1	3	13	1	89	4	4	33	2	5	0	0	6	9	5	0	1	12	1	2	3	0	1	2	2	0	0	0	0
GU117936.1.1404	0	0	0	0	0	1	0	0	0	5	0	0	0	0	0	0	0	0	0	0	0	0	0	0	0	0	0	0	0	0	0	0	0	0	0	0	0	0	0	0	0	0	0	0	0	0	0	0	0	0	0	0	0	1	0	0	0	0	0	0	0	0	0	0	0	0	0	0	0	0	0	0	0	0	0	1	0	0
OTU_dn_108	0	0	0	0	0	0	0	0	0	0	0	0	0	0	0	0	0	0	0	1	0	0	0	0	0	0	0	0	0	0	0	0	0	0	0	0	0	0	0	0	0	0	0	0	0	0	0	0	0	0	0	0	0	0	0	0	0	0	0	0	0	11	0	0	0	0	0	0	0	0	0	0	0	0	0	0	0	0
OTU_dn_77	0	0	0	0	0	0	0	0	0	0	0	0	0	0	2	0	0	0	0	3	0	0	0	0	0	13	0	0	0	0	0	0	0	0	0	0	0	0	0	0	0	0	0	1	0	0	0	0	0	0	0	0	0	0	0	0	0	1	0	0	0	10	0	0	0	0	0	0	0	0	0	0	0	0	0	0	0	0
OTU_dn_225	1	0	1	2	1	0	0	0	1	0	13	0	0	0	5	6	0	0	1	0	3	0	1	3	0	0	0	1	1	0	1	0	0	0	0	0	0	0	0	0	0	0	0	5	0	0	0	0	1	3	0	0	1	4	0	2	0	0	1	0	1	2	0	1	0	2	0	0	6	0	1	5	0	0	0	0	0	0
OTU_dn_53	80	0	0	0	0	0	0	0	10	0	0	0	0	0	0	0	0	0	0	0	0	0	0	0	1	0	0	0	0	0	0	0	0	0	0	0	0	1	0	0	0	0	0	0	2	0	1	1	0	0	0	0	1	0	0	0	0	0	0	0	0	2	0	1	0	0	1	0	0	0	0	0	0	0	0	5	0	0
HQ765170.1.1448	0	0	0	0	0	0	0	0	0	39	0	0	0	0	0	1	0	0	0	0	0	0	0	0	0	0	0	0	0	0	0	0	0	0	0	0	0	0	0	0	0	0	0	0	0	0	0	0	0	0	0	0	0	0	0	0	0	0	0	0	0	0	0	0	0	0	0	0	0	0	0	0	0	0	0	0	0	0
OTU_dn_40	6	24	8	3	4	0	4	7	0	0	0	0	1	2	3	0	7	1	15	0	1	12	10	2	7	0	6	2	0	2	2	4	2	1	1	2	33	7	3	1	22	1	1	0	5	1	1	4	2	4	2	9	1	83	4	4	39	1	2	0	2	2	1	5	1	1	7	3	2	3	0	2	2	3	0	0	0	0
OTU_dn_57	25	0	0	0	0	0	0	0	3	0	0	0	0	0	0	0	0	0	0	0	0	0	0	0	0	0	0	0	0	0	0	0	0	0	0	0	0	1	0	0	0	0	0	0	8	0	0	0	0	0	0	0	0	0	0	0	0	0	0	0	0	0	0	1	0	0	0	0	1	0	0	0	0	0	0	1	0	0
OTU_dn_76	3	0	0	0	0	0	8	0	0	0	2	1	0	0	1	0	4	4	0	1	0	0	1	1	1	1	2	2	0	4	31	0	4	4	2	3	1	4	0	0	0	10	1	0	0	0	0	0	4	1	0	0	49	12	0	2	1	0	2	12	0	3	0	1	1	0	7	0	0	0	0	2	0	0	0	0	0	0
OTU_dn_94	0	0	0	0	0	0	0	0	0	0	0	0	0	0	0	2	0	0	0	0	0	0	0	0	1	1	0	0	1	0	0	0	0	0	2	0	0	1	0	0	0	1	0	0	0	0	0	0	0	0	0	0	1	0	0	0	0	0	0	0	0	0	1	0	0	0	0	1	0	0	0	0	0	1	0	0	0	0
GU247469.1.1221	0	0	0	6	0	0	0	0	0	0	0	0	0	0	0	0	0	0	0	0	0	0	0	0	0	0	0	0	0	0	0	0	0	0	0	0	0	0	0	0	0	0	0	0	0	0	0	0	0	0	0	0	0	0	0	0	0	0	0	0	0	0	0	0	0	0	0	0	0	0	0	0	0	0	0	0	0	0
OTU_dn_118	0	0	0	1	0	0	0	1	0	0	0	0	0	0	0	0	0	0	0	0	0	0	0	0	0	0	0	0	0	1	0	1	0	0	0	0	0	1	0	0	0	0	0	0	1	0	0	0	0	0	0	0	0	0	0	3	0	0	0	0	0	0	0	1	0	0	0	0	0	0	0	0	0	0	0	1	0	0
AF229877.1.1435	0	0	0	0	0	0	0	0	0	0	0	0	0	0	0	0	0	0	0	0	0	0	0	0	0	0	0	0	0	0	0	0	0	0	0	1	0	0	0	0	0	0	0	0	0	0	0	0	0	0	0	0	0	0	0	0	0	0	0	0	0	0	0	0	0	0	0	0	0	0	0	0	0	1	0	0	0	0
HM112623.1.1406	0	0	0	0	0	0	1	0	0	0	0	13	0	0	0	0	0	0	0	0	0	0	0	0	0	0	0	0	0	0	4	0	0	0	0	0	0	2	0	2	0	0	0	0	0	0	0	0	0	0	0	0	0	0	0	7	0	0	0	0	0	0	0	1	0	1	0	0	0	0	0	1	0	0	0	0	0	0
OTU_dn_293	7	0	0	5	0	0	2	1	0	0	1	0	1	0	1	0	0	0	1	2	1	0	2	0	1	0	2	2	0	3	3	4	0	3	3	4	3	1	1	2	0	0	2	2	0	3	0	0	0	1	0	4	1	5	0	7	0	4	0	0	4	1	0	1	1	2	0	3	3	0	1	2	0	1	0	0	1	3
OTU_dn_197	2	1	1	2	1	0	0	0	1	0	1	0	0	0	1	0	1	0	0	0	0	0	1	0	0	0	0	0	0	0	0	0	0	0	0	0	1	1	0	0	0	0	0	0	0	0	0	0	0	0	0	2	0	0	0	0	0	0	0	0	0	0	0	2	0	0	0	0	0	0	0	2	0	0	0	0	0	0
KU310670.382095.384029	0	1	1	0	0	0	0	0	0	1	0	0	0	0	0	0	0	2	4	0	0	0	0	0	5	0	1	0	1	0	0	3	5	0	0	0	2	4	0	3	0	0	1	0	0	0	0	0	8	1	0	2	0	5	0	0	2	2	0	0	0	1	0	1	0	2	0	1	0	0	0	1	1	0	5	0	0	0
CP008876.544.2110	0	0	0	0	0	0	0	2	0	95	0	0	0	0	0	1	0	0	0	0	0	0	0	0	0	0	0	0	0	0	0	0	0	0	0	0	0	0	0	0	0	0	0	0	7	0	0	0	11	0	0	0	0	0	0	0	0	0	0	4	0	1	0	0	0	0	0	0	0	0	0	0	0	0	0	0	0	0
OTU_dn_272	3	0	0	0	1	0	0	0	0	0	1	0	1	0	0	0	0	0	0	0	0	1	0	0	1	0	0	0	0	0	0	0	0	0	0	2	0	0	2	0	0	0	0	0	1	0	0	0	0	0	0	0	0	0	0	0	1	0	1	0	0	0	0	0	0	1	0	0	0	0	1	0	0	0	0	0	0	0
OTU_dn_48	0	0	0	0	0	23	0	0	0	0	1	0	0	0	57	24	0	0	0	1	27	0	0	0	0	11	0	0	2	0	0	0	0	0	0	0	0	0	0	0	0	0	0	7	0	0	0	0	0	0	0	0	0	0	0	0	0	0	0	0	0	3	0	0	0	0	0	0	4	0	0	0	0	0	2	0	0	0
HQ703904.1.1388	94	0	0	0	0	0	0	0	0	0	0	0	0	0	0	0	0	0	0	0	0	0	0	0	0	0	0	0	0	0	0	0	0	0	0	0	0	0	0	0	0	0	0	0	1	0	0	0	0	0	0	0	0	0	0	0	0	0	0	0	0	0	0	0	0	0	0	0	0	0	0	0	0	0	0	0	0	0
OTU_dn_89	0	0	0	0	0	0	0	0	0	0	0	0	0	0	0	0	0	0	0	2	0	0	0	0	2	3	0	0	0	0	2	1	1	0	0	0	0	0	0	0	0	0	0	0	0	0	0	0	0	0	0	0	0	0	2	0	0	0	0	0	0	0	0	0	0	0	0	0	0	0	0	0	0	0	0	0	0	0
OTU_dn_233	0	0	0	0	0	0	0	0	0	0	1	0	0	0	0	0	0	0	0	0	0	0	0	0	0	0	0	0	0	0	1	0	0	0	7	0	0	0	0	0	0	0	0	0	0	0	0	0	0	0	0	0	0	0	0	0	0	0	1	0	0	0	0	0	0	0	0	0	0	0	0	0	0	2	0	0	0	0
FR691514.1.1488	0	0	0	1	0	0	2	0	0	11	0	0	0	0	0	0	0	0	0	0	0	0	0	0	0	0	0	0	0	0	0	0	0	0	0	0	0	0	0	0	0	0	0	0	0	0	0	0	2	0	0	0	0	0	0	0	0	0	0	0	0	0	0	0	0	0	0	0	0	0	0	0	0	0	0	0	0	0
OTU_dn_294	0	0	0	0	0	0	1	0	0	0	0	3	0	0	0	0	0	0	0	2	0	0	0	0	0	0	0	0	0	0	3	0	0	0	1	1	3	0	0	0	0	0	0	0	0	0	0	0	1	0	0	0	1	1	1	0	0	0	0	0	0	0	1	0	0	1	0	0	0	0	0	0	0	0	0	0	0	1
JQ936674.1.1538	55	4	9	20	10	0	7	4	14	2	9	6	4	8	2	8	2	12	2	6	10	7	4	1	10	9	0	6	11	9	6	14	4	7	8	2	2	5	11	2	4	1	5	2	21	6	10	5	9	0	12	20	5	9	4	13	4	10	4	2	7	20	2	2	3	6	2	6	6	6	11	5	9	4	2	4	0	0
LN614622.1.1393	0	0	0	0	0	0	0	0	0	0	0	0	0	0	0	0	0	0	0	0	0	0	0	0	0	0	0	0	2	0	0	0	0	0	0	0	0	0	0	0	0	0	0	0	0	0	0	0	0	0	0	0	0	0	0	0	0	0	0	0	0	0	0	0	0	0	0	0	0	0	0	0	0	0	0	0	0	0
OTU_dn_288	3	0	0	0	1	0	0	0	1	1	0	0	0	0	0	0	0	1	0	0	0	0	0	1	0	0	0	0	1	0	2	0	0	0	0	2	0	0	0	0	0	0	0	0	0	0	0	0	0	0	0	0	0	0	0	0	0	0	0	0	0	0	0	1	0	0	2	0	0	0	0	1	0	0	0	0	0	0
OTU_dn_184	19	3	4	1	0	0	0	4	0	0	1	1	0	2	1	2	3	8	1	1	1	0	4	2	0	0	5	3	2	3	2	0	4	3	2	3	4	1	0	3	0	2	3	1	0	1	0	0	0	2	0	3	1	2	0	2	0	0	2	3	0	0	2	3	0	7	1	0	6	5	0	3	0	2	0	0	0	2
OTU_dn_135	0	2	0	7	0	0	0	0	0	0	2	1	0	0	0	0	0	1	1	0	0	0	0	0	2	0	0	0	0	0	0	0	1	0	0	0	0	1	0	0	0	11	1	0	0	0	0	8	0	0	1	0	1	0	0	0	0	0	0	0	0	0	0	0	0	0	0	0	0	0	0	1	0	1	0	0	0	0
OTU_dn_305	3	0	0	0	1	0	0	0	1	0	0	0	0	0	0	0	0	0	0	0	0	0	1	0	0	0	0	0	0	0	2	0	0	1	0	0	0	1	2	0	0	0	0	0	0	0	0	0	0	0	0	0	0	0	0	0	1	0	1	0	0	1	0	0	0	0	0	0	0	0	1	0	0	0	0	0	0	0
OTU_dn_217	1	2	0	0	0	0	0	0	0	0	1	0	0	0	0	1	0	0	0	0	0	1	0	0	0	0	0	0	0	0	0	0	0	0	0	0	2	0	0	0	0	0	0	0	0	0	0	0	0	0	0	0	0	1	0	2	0	0	0	0	0	0	0	1	0	1	0	0	1	0	0	0	0	1	0	0	0	0
OTU_dn_218	2	1	0	3	0	0	0	0	1	0	1	0	1	0	0	2	0	0	0	0	1	0	0	0	0	0	0	1	0	0	0	0	0	0	0	0	1	0	0	1	0	1	0	0	0	0	0	0	0	0	1	0	0	1	0	0	1	0	0	0	0	0	0	2	0	0	0	0	0	0	0	0	0	0	0	0	0	0
GQ033869.1.1340	0	1	0	0	0	0	0	2	0	18	0	0	0	0	0	2	0	0	0	0	0	0	0	0	0	0	0	0	0	0	0	0	0	0	0	0	0	0	0	0	0	0	0	0	3	0	0	0	11	0	0	0	0	0	0	0	0	0	0	0	0	0	0	0	0	0	0	0	0	0	0	0	0	0	0	0	0	0
OTU_dn_150	2	0	0	1	1	0	0	0	0	0	0	0	0	0	0	0	0	1	1	0	1	0	0	0	0	0	0	0	0	0	0	1	0	0	0	0	0	0	1	0	0	1	0	0	2	0	0	0	0	0	0	0	0	0	0	0	1	0	0	0	0	0	0	0	0	0	0	0	1	1	0	1	0	0	0	0	0	1
OTU_dn_310	65	7	13	33	8	0	15	11	19	1	13	8	19	11	6	30	7	15	6	14	7	10	9	3	21	15	3	6	17	17	11	25	19	13	12	6	2	10	17	3	13	12	18	4	25	10	20	12	21	5	12	10	8	17	4	18	4	15	8	5	8	23	7	0	7	10	3	9	14	11	17	3	19	1	2	3	0	6
OTU_dn_234	0	0	0	0	0	0	0	0	0	0	1	0	0	1	0	0	0	0	0	0	1	1	1	1	1	0	0	0	0	0	0	1	0	1	0	0	2	1	0	0	0	1	0	0	0	0	0	0	0	0	0	0	0	0	0	0	1	0	0	0	0	1	0	0	0	0	0	0	0	0	0	1	0	0	1	0	0	0
KR261400.1.1398	0	0	0	0	0	0	0	0	0	0	0	0	0	0	0	0	0	0	0	0	0	0	0	0	0	0	0	0	0	0	3	0	0	0	0	0	0	0	0	0	0	1	0	0	0	0	0	0	0	0	0	0	2	0	0	0	0	0	2	0	0	0	0	0	0	0	0	0	0	0	0	0	0	0	0	0	0	0
OTU_dn_148	0	0	0	0	0	0	1	0	0	0	1	1	0	0	0	0	0	1	0	0	0	0	0	1	0	0	0	1	0	0	0	0	0	0	0	0	0	0	0	1	0	0	0	1	0	0	0	0	0	0	0	0	1	0	0	0	3	2	0	0	0	0	0	0	0	0	1	0	1	0	0	0	0	0	0	0	0	0
OTU_dn_114	0	0	0	9	0	0	0	0	0	0	0	0	0	0	0	0	0	0	0	0	0	0	0	0	0	0	0	0	0	0	0	0	0	0	0	0	0	0	1	0	0	0	0	0	0	0	0	0	0	0	0	0	0	0	0	0	0	0	0	0	0	0	0	0	0	0	0	0	0	0	0	0	0	0	0	0	0	0
OTU_dn_327	3	0	0	0	0	0	1	0	0	0	0	1	0	0	0	0	0	0	0	0	0	0	0	0	1	0	0	0	0	1	0	0	0	0	0	1	1	0	0	0	1	0	0	0	0	0	0	0	0	0	0	0	0	0	0	0	0	0	0	0	0	0	0	0	0	0	0	0	0	0	0	0	0	0	0	0	0	0
OTU_dn_101	0	0	0	23	0	0	0	0	0	0	0	0	0	0	0	0	0	0	0	0	1	0	0	0	0	0	0	0	0	0	0	0	0	0	0	0	0	0	1	0	0	0	0	0	0	0	1	0	0	0	0	0	0	0	0	0	0	0	0	0	0	0	0	0	0	0	0	0	1	0	0	0	0	0	0	0	0	0
OTU_dn_274	1	0	0	1	0	0	0	0	0	0	0	0	0	0	0	0	0	0	0	0	0	2	3	0	0	0	0	1	0	0	0	0	0	0	0	0	0	0	0	0	0	0	0	0	0	0	0	1	0	0	0	1	1	0	0	0	0	0	0	0	0	0	0	0	0	0	0	0	0	0	0	0	0	0	0	0	0	0
OTU_dn_100	0	0	0	0	0	0	0	0	0	0	0	0	0	0	3	11	0	0	0	0	1	0	0	0	0	0	0	0	0	0	0	0	0	0	0	0	0	0	0	0	0	0	0	1	0	0	0	0	1	0	0	0	0	0	0	0	0	0	0	0	0	0	0	0	0	0	0	0	0	0	0	0	0	0	0	0	0	0
KF731613.1.1459	0	0	0	0	0	0	1	0	0	0	0	0	0	0	0	0	0	0	0	0	0	0	0	0	0	0	0	1	0	0	4	0	6	0	0	0	0	0	0	0	0	2	0	0	0	0	0	0	0	0	0	1	12	0	0	2	0	0	0	0	0	0	0	0	0	0	0	0	0	0	0	0	0	0	0	0	0	0
OTU_dn_279	3	2	0	0	0	0	0	0	0	0	1	0	0	0	0	0	0	1	0	0	0	0	0	0	0	0	0	0	0	0	0	0	0	0	0	0	1	1	1	0	0	0	0	0	1	0	0	1	0	0	0	1	0	1	0	0	1	0	0	0	0	0	0	2	0	0	0	2	0	0	0	2	0	0	0	0	0	0
AM936594.1.1339	0	1	0	0	0	0	0	0	0	0	0	0	0	0	0	0	1	0	0	0	0	0	0	1	0	0	0	0	2	1	0	0	0	0	0	0	0	0	0	0	0	0	0	0	1	0	0	0	0	0	0	0	0	1	0	0	0	0	0	0	0	0	0	0	0	0	0	0	1	0	0	0	0	0	0	0	0	0
OTU_dn_92	0	0	0	0	0	0	0	0	0	0	0	0	0	0	0	0	0	0	0	0	0	0	0	0	0	0	0	0	0	6	0	0	0	0	0	0	0	0	0	0	0	0	0	0	0	0	0	0	0	0	0	0	0	4	0	0	1	0	0	0	0	0	0	0	0	0	0	0	0	0	0	0	0	0	0	0	0	0
OTU_dn_190	1	0	0	0	0	0	0	0	0	0	1	1	0	1	0	0	0	0	1	0	0	0	0	2	0	0	0	1	0	0	0	0	0	0	0	0	0	0	1	0	0	0	0	0	0	0	1	0	0	0	0	0	0	0	0	0	0	0	1	0	0	0	0	0	0	0	0	0	0	0	0	0	0	0	0	0	1	0
OTU_dn_249	0	0	0	0	0	0	0	0	0	0	0	0	0	0	5	4	0	0	0	1	1	0	0	0	0	5	0	0	0	0	1	0	0	0	3	0	0	0	0	0	0	1	0	1	0	0	0	0	0	0	0	0	2	0	0	0	0	0	0	0	1	2	0	0	0	0	0	0	0	0	0	0	0	1	0	0	0	0
FJ983094.1.1542	0	0	0	0	0	0	0	4	0	90	0	0	0	0	0	4	0	0	0	2	0	0	0	0	0	0	0	0	1	0	0	1	0	0	0	0	0	4	0	3	0	0	0	0	10	0	0	0	8	0	0	0	0	0	0	0	0	0	0	0	0	0	0	0	0	0	0	0	1	0	0	0	0	0	0	0	0	0
AF015258.1.1522	0	0	0	3	0	0	1	0	0	0	1	2	0	0	0	0	0	1	2	1	0	0	1	0	0	0	1	4	1	0	6	0	3	0	6	1	0	1	0	1	0	8	6	2	0	1	0	0	0	0	0	1	14	0	0	3	1	0	4	0	1	0	0	0	0	0	0	0	1	0	0	0	0	6	0	0	0	0
KX163439.1.1406	0	0	0	0	0	0	0	0	0	7	0	0	0	0	0	0	0	0	0	0	0	0	0	0	0	0	0	0	0	0	0	0	0	0	0	0	0	0	0	0	0	0	0	0	0	0	0	0	0	0	0	0	0	0	0	0	0	0	0	0	0	0	0	0	0	0	0	0	0	0	0	0	0	0	0	0	0	0
OTU_dn_320	4	1	0	0	0	0	0	0	0	0	1	0	0	0	0	1	0	0	1	0	0	1	0	2	0	1	0	1	0	0	0	0	0	0	0	0	0	0	0	0	0	0	0	0	1	0	0	1	0	1	0	1	0	1	0	0	0	0	0	0	0	0	0	0	0	0	0	0	0	0	1	0	0	0	0	0	0	1
OTU_dn_137	9	1	1	0	0	1	0	0	0	0	3	0	1	0	0	0	2	1	0	0	0	0	0	0	0	0	0	0	1	0	0	0	0	0	0	0	0	0	0	0	0	0	0	1	4	0	0	0	1	0	0	0	0	1	0	0	0	0	0	1	0	1	0	2	0	0	0	0	1	0	0	0	1	0	0	1	0	0
KT029554.1.1464	0	3	0	3	0	0	1	0	3	0	0	1	0	0	0	0	0	0	0	0	0	0	0	0	3	1	6	0	36	0	1	2	1	0	0	0	0	0	1	1	0	0	0	0	0	2	1	0	1	0	0	2	0	2	0	0	8	0	0	0	3	1	0	0	0	0	0	0	1	3	0	1	0	0	0	0	0	0
HM265495.1.1353	0	0	0	0	0	0	0	0	0	16	0	0	0	0	0	0	0	0	0	0	0	0	0	0	0	0	0	0	0	0	0	0	0	0	0	0	0	0	0	0	0	0	0	0	1	0	0	0	1	0	0	0	0	1	0	0	0	0	0	1	0	0	0	0	0	0	0	0	0	0	0	0	0	0	1	0	0	0
GQ004079.1.1358	0	0	0	0	0	0	0	0	0	15	0	0	0	0	0	0	0	0	0	0	0	0	0	0	0	0	0	0	0	0	0	0	0	0	0	0	0	0	0	0	0	0	0	0	0	0	0	0	0	0	0	0	0	0	0	0	0	0	0	0	0	0	0	0	0	0	0	0	0	0	0	0	0	0	0	0	0	0
KC207077.1.1422	0	0	0	0	0	0	0	0	0	28	0	0	0	0	0	0	0	1	0	0	0	0	0	0	0	0	0	0	0	0	0	0	0	0	0	0	0	0	0	0	0	0	0	0	0	0	0	0	4	0	0	0	0	0	0	0	0	0	0	0	0	0	0	0	0	0	0	0	0	0	0	0	0	0	1	0	0	0
OTU_dn_246	2	0	0	0	1	0	0	0	0	0	0	0	0	0	0	0	0	0	0	0	0	0	0	0	0	1	0	0	0	0	0	0	1	0	0	0	1	0	1	0	0	0	0	0	0	0	0	0	0	0	0	1	0	0	0	0	0	0	0	0	0	0	0	0	0	1	0	1	0	0	0	0	0	0	0	1	0	0
OTU_dn_91	0	1	2	8	0	0	1	0	1	0	0	0	0	0	0	0	0	2	2	2	0	2	0	0	1	0	0	0	0	4	0	0	5	3	6	0	0	0	0	0	0	4	4	0	0	0	0	2	1	0	1	0	1	0	0	0	1	0	0	0	2	0	0	0	0	0	0	1	0	0	0	0	8	0	0	0	0	0
JQ734773.1.1248	1	0	0	0	0	0	3	0	0	0	1	0	0	0	0	0	2	1	0	0	0	0	0	0	1	0	1	2	0	1	6	0	4	0	0	0	0	0	0	0	0	1	0	0	0	0	0	0	0	0	0	0	6	4	0	2	0	0	0	0	0	0	0	0	1	0	0	1	1	2	0	0	0	0	0	0	0	0
JF142842.1.1376	0	0	0	0	0	0	0	3	0	9	0	0	0	0	0	0	0	0	0	0	0	0	0	0	0	0	0	0	0	0	0	0	0	0	0	0	0	2	0	0	0	0	0	0	0	0	0	0	0	0	0	0	0	0	0	0	0	0	0	0	0	0	0	0	0	0	0	0	0	0	0	0	0	0	0	0	0	0
AB845265.1.1326	1	1	0	0	0	0	10	1	0	0	2	0	0	0	0	0	2	0	0	0	0	0	0	0	0	0	0	0	0	1	5	0	1	0	1	1	0	1	0	0	0	2	0	1	0	0	0	0	0	0	0	0	5	3	0	2	1	0	0	3	0	0	0	0	0	0	4	0	0	0	0	0	0	0	0	0	0	0
GQ332407.1.1304	0	0	0	0	0	0	0	0	0	0	0	0	0	0	0	1	0	0	0	0	0	0	0	0	1	1	0	0	4	0	0	0	0	0	0	0	0	0	0	2	0	0	0	0	0	0	1	0	2	0	0	0	0	0	0	3	0	0	0	0	0	0	0	0	0	0	0	0	1	0	0	2	0	0	0	0	0	0
OTU_dn_255	1	0	0	1	0	0	0	1	0	0	0	2	0	0	0	0	0	0	0	0	0	0	0	0	0	0	0	0	1	1	0	0	0	0	0	0	0	1	0	0	0	1	0	0	0	0	0	0	0	0	0	0	0	0	0	0	0	0	0	0	0	0	0	0	0	0	0	0	0	0	0	0	0	0	0	0	0	0
CP007025.2009663.2011202	0	0	0	0	0	0	0	0	0	0	0	0	0	0	0	0	0	0	0	0	0	0	0	0	0	0	0	0	0	0	0	0	0	0	0	0	0	0	0	0	0	0	0	0	0	0	0	0	0	0	0	0	0	0	0	97	0	0	0	0	0	0	0	0	0	0	0	0	0	0	0	0	0	0	0	0	0	0
EU771597.1.1411	0	0	1	3	0	0	0	1	1	0	3	1	1	0	0	0	0	0	0	0	0	0	0	2	0	0	2	0	0	0	4	0	0	0	0	1	2	0	0	0	3	0	0	1	0	0	0	0	0	0	0	0	4	0	0	0	11	4	0	1	1	2	0	0	0	0	0	2	1	0	0	1	0	1	0	0	0	1
OTU_dn_251	2	1	0	1	0	0	1	0	0	0	0	0	1	1	0	0	0	0	0	0	0	0	0	1	0	0	0	1	0	0	0	0	0	0	0	0	1	0	0	0	0	1	0	0	0	0	0	0	0	0	0	0	0	0	0	1	0	0	0	1	0	2	0	0	0	1	1	1	0	0	0	0	0	0	1	0	0	0
JF105831.1.1335	0	0	0	0	0	0	0	0	0	3	0	0	0	0	0	0	0	0	0	0	0	0	0	0	0	0	0	0	0	0	0	0	0	0	0	0	0	0	0	0	0	0	0	0	0	0	0	0	0	0	0	0	0	0	0	0	0	0	0	0	0	0	0	0	0	0	0	0	0	0	0	0	0	0	0	0	0	0
OTU_dn_159	3	0	0	0	0	0	0	0	0	0	2	0	0	0	0	0	1	0	0	0	0	0	1	0	0	0	1	0	0	1	1	0	0	0	1	0	1	0	0	0	0	1	0	0	0	0	0	0	0	0	0	0	0	1	0	1	0	0	2	0	0	0	2	4	0	0	1	0	0	0	0	1	0	0	0	0	0	1
OTU_dn_165	0	0	0	0	0	0	0	1	2	0	3	0	0	0	0	0	0	0	0	0	0	0	0	1	0	0	0	0	0	0	0	0	0	0	0	0	0	2	0	0	1	0	0	0	0	0	0	0	0	0	0	0	0	0	0	0	1	0	0	0	0	0	0	0	0	0	0	0	0	0	0	0	0	0	0	0	0	0
GQ448318.1.1256	0	0	0	0	0	0	0	1	0	9	0	0	0	0	0	0	0	0	0	0	0	0	0	0	0	0	0	0	0	0	0	0	0	0	0	0	0	0	0	0	0	0	1	0	0	0	0	0	0	0	0	0	0	0	0	0	0	0	0	0	0	1	0	0	0	0	0	0	0	0	0	0	0	0	0	0	0	0
HM299952.1.1348	0	0	0	0	0	0	0	0	0	8	0	0	0	0	0	0	0	0	0	0	0	0	0	0	0	0	0	0	0	0	0	0	0	0	0	0	0	0	0	0	0	0	0	0	0	0	0	0	11	0	0	0	0	0	0	0	0	0	0	0	0	0	0	0	0	0	0	0	0	0	0	0	0	0	0	0	0	0
OTU_dn_245	2	1	0	0	0	0	0	0	0	0	0	0	0	0	0	0	0	0	0	0	1	1	1	0	0	0	2	0	1	1	0	0	0	0	0	0	0	0	0	0	0	1	0	0	1	0	1	0	0	0	0	0	0	1	0	0	0	0	2	1	0	1	0	1	0	0	0	0	0	0	0	0	0	0	0	0	0	0
KF562066.1.1536	0	0	0	0	0	0	0	0	0	0	0	0	0	0	0	0	2	0	0	0	0	0	0	0	0	0	0	0	0	0	1	0	1	0	0	0	0	0	0	0	0	0	0	0	0	0	0	0	0	0	0	0	0	0	0	0	0	0	0	0	0	0	0	0	0	0	0	0	0	0	0	0	0	0	0	0	0	0
GU138374.1.1443	0	0	0	0	0	0	0	0	0	25	0	0	0	0	0	0	0	1	0	0	0	0	0	0	0	0	0	0	0	0	0	0	0	1	0	0	0	0	0	0	0	0	0	0	0	0	0	0	0	0	0	0	0	0	0	0	0	0	0	0	0	0	0	0	0	0	0	0	0	0	0	0	0	0	0	0	0	0
OTU_dn_84	0	0	0	0	0	0	0	0	0	11	0	0	0	0	0	0	0	0	0	0	0	0	0	0	0	0	0	0	0	0	0	0	0	0	0	0	0	0	0	0	0	0	0	0	0	0	0	0	0	0	0	0	0	0	0	0	0	0	0	0	0	0	0	0	0	0	0	0	0	0	0	0	0	0	0	0	0	0
FJ957443.1.1492	0	0	0	0	0	0	0	4	0	201	3	0	0	1	0	5	1	0	0	0	0	0	0	0	0	0	0	0	1	0	0	0	0	1	0	0	1	6	0	2	0	1	0	1	11	0	0	0	46	0	0	1	0	1	0	0	0	0	0	1	0	8	0	1	0	0	0	0	0	0	0	0	0	0	0	0	0	0
OTU_dn_189	5	0	0	0	0	0	0	0	0	0	0	0	0	0	0	0	0	1	0	0	1	0	0	0	1	0	0	0	0	0	0	0	1	0	0	0	1	1	1	0	0	0	0	0	0	1	0	0	0	0	0	0	0	2	1	0	0	0	0	0	0	0	0	0	0	0	0	0	0	0	0	0	0	0	0	0	0	0
OTU_dn_268	4	0	0	0	3	0	0	1	0	0	1	0	0	0	0	1	0	0	0	0	1	1	0	0	2	0	0	0	2	0	1	0	0	0	1	0	1	3	2	0	2	1	0	0	0	0	0	1	1	2	0	2	1	2	1	0	0	1	0	0	0	6	0	2	1	0	0	0	0	0	0	0	2	0	0	0	0	0
LK054489.1.1475	0	0	0	0	0	0	0	0	0	0	0	0	0	0	0	0	0	0	0	0	0	0	0	0	0	0	0	0	0	0	0	0	0	0	0	0	0	0	0	0	0	0	0	0	0	0	0	0	0	0	0	0	0	0	0	0	5	0	0	0	0	0	0	0	0	0	0	0	0	0	0	0	0	0	0	0	0	0
OTU_dn_329	3	0	1	0	1	0	0	1	0	0	1	0	1	1	0	3	2	1	1	0	0	2	0	2	1	1	0	0	0	0	0	1	0	1	1	1	0	1	0	2	1	1	0	0	1	4	1	3	1	1	1	0	0	3	0	0	1	2	0	0	0	4	1	1	0	6	0	0	1	0	0	0	0	1	0	1	0	0
HM557103.1.1318	0	0	0	0	0	0	0	0	0	0	0	0	0	0	0	0	0	0	0	0	0	0	0	0	0	0	1	0	0	0	0	2	0	0	0	0	0	0	0	0	0	0	0	0	0	0	0	0	0	0	0	0	0	0	0	0	0	0	0	0	0	0	0	0	0	0	0	0	0	0	0	0	0	0	0	0	0	0
OTU_dn_263	2	1	0	0	0	0	0	0	0	0	0	0	0	0	1	0	0	1	0	0	0	1	0	0	0	0	0	0	0	0	0	0	0	0	0	0	0	1	0	0	0	0	0	0	0	0	0	0	0	0	0	0	0	0	0	1	0	0	0	0	0	0	0	0	0	0	0	1	1	0	0	0	0	0	0	0	0	0
OTU_dn_178	0	0	0	0	0	0	0	0	1	0	0	0	0	0	0	0	0	1	2	0	0	0	0	0	0	0	0	0	0	0	0	1	3	0	0	0	0	0	1	0	0	0	0	0	0	0	0	0	0	0	0	0	0	0	0	0	0	1	0	0	0	0	0	0	0	0	0	0	0	0	1	0	0	0	0	0	0	0
JQ614014.1.1418	1	0	0	0	0	0	0	0	0	0	1	0	0	0	0	0	1	1	0	0	0	0	0	0	0	0	0	0	0	0	2	0	0	0	0	0	0	0	0	0	0	1	0	1	0	0	0	0	1	0	0	1	3	1	0	0	0	0	0	0	0	0	0	0	0	0	1	0	0	0	0	0	0	0	0	0	0	0
OTU_dn_164	0	0	0	0	0	0	0	0	0	0	0	0	0	0	0	0	0	0	0	0	0	0	0	0	0	0	0	0	0	0	0	0	0	0	0	0	0	0	0	0	0	0	0	0	0	0	0	0	0	0	0	0	0	0	0	0	0	0	0	0	0	4	0	0	0	0	0	0	0	0	0	0	0	0	0	0	0	0
OTU_dn_247	6	0	1	1	0	1	0	2	0	0	0	0	0	0	0	0	0	0	0	0	0	0	0	2	0	0	0	0	0	0	0	0	0	0	0	1	1	1	1	0	0	2	0	0	0	0	0	0	1	0	0	1	0	2	0	1	0	0	2	0	0	0	0	0	1	0	0	1	0	1	0	0	0	0	0	0	0	0
GQ280039.1.1418	0	0	0	0	0	0	0	2	0	51	0	0	0	0	0	0	0	0	0	0	0	0	0	0	0	0	0	0	0	0	0	0	0	0	0	0	0	0	0	0	0	0	0	0	0	0	1	0	3	0	0	0	0	0	0	0	0	0	0	0	0	1	0	0	0	0	0	0	0	0	0	1	0	0	0	0	0	0
GU374107.1.1364	0	3	0	0	0	0	1	0	0	0	3	0	0	0	0	0	1	1	0	0	0	0	0	0	0	0	0	0	0	3	0	0	0	1	0	3	0	0	0	0	0	0	0	0	0	0	0	0	0	0	0	0	1	0	0	4	0	0	0	0	0	0	0	0	0	0	0	1	0	0	0	0	0	1	0	0	0	0
OTU_dn_66	0	0	0	0	0	0	0	8	0	1	0	0	0	0	0	62	0	0	0	0	0	0	0	0	0	0	0	0	0	0	0	0	0	0	0	0	0	0	0	0	0	0	0	0	1	0	0	0	1	0	0	0	0	0	0	0	0	0	0	0	0	1	0	0	0	0	0	0	0	0	0	0	0	0	0	0	0	0
OTU_dn_127	0	0	0	0	0	0	0	0	0	0	0	0	0	0	0	0	0	0	0	0	0	0	0	0	2	0	0	0	0	0	0	0	0	0	0	1	0	3	0	0	0	0	0	0	0	0	0	0	0	0	0	1	0	0	0	2	0	0	0	0	0	0	0	0	0	1	0	0	0	0	0	0	0	0	0	0	0	0
OTU_dn_75	0	0	0	0	0	0	0	0	0	13	0	0	0	0	0	0	0	0	0	0	0	0	0	0	0	0	0	0	0	0	0	0	0	0	0	0	0	0	0	0	0	0	0	0	0	0	0	0	0	0	0	0	0	0	0	0	0	0	0	0	0	0	0	0	0	0	0	0	0	0	0	0	0	0	0	0	0	0
HM267665.1.1361	0	0	0	0	0	0	0	0	0	5	0	0	0	0	0	0	0	0	0	0	0	0	0	0	0	0	0	0	0	0	0	0	0	0	0	0	0	0	0	0	0	0	0	0	0	0	0	0	0	0	0	0	0	0	0	0	0	0	0	0	0	0	0	0	0	0	0	0	0	0	0	0	0	0	0	0	0	0
OTU_dn_276	1	0	0	0	0	0	0	0	0	0	0	0	0	0	0	1	0	0	0	0	1	0	0	0	0	0	0	0	0	0	0	0	0	0	0	0	0	0	0	0	0	0	0	0	0	0	0	0	0	0	0	0	0	0	0	0	0	0	0	0	0	0	0	0	0	0	0	2	1	0	0	0	0	1	0	0	0	0
FJ848366.1.1403	0	0	0	0	0	0	0	0	0	8	0	0	0	0	0	0	0	0	0	0	0	0	0	0	0	0	0	0	0	0	0	0	0	0	0	0	0	0	0	0	0	0	0	0	0	0	0	0	0	0	0	0	0	0	0	0	0	0	0	0	0	0	0	0	0	0	0	0	0	0	0	0	0	0	0	0	0	0
OTU_dn_235	2	1	0	3	0	0	0	0	0	0	0	0	0	0	0	0	0	1	0	0	1	1	0	0	0	0	0	2	0	0	1	0	0	0	0	0	1	0	1	0	0	0	0	0	0	0	0	0	0	0	1	0	0	1	0	0	0	0	0	0	0	0	0	0	0	0	0	0	0	0	0	0	0	0	0	0	0	0
OTU_dn_93	0	2	0	7	0	0	2	0	0	0	0	0	0	0	0	0	0	2	3	1	0	0	0	0	1	0	0	2	0	0	5	0	2	0	8	0	1	0	0	0	0	4	3	0	0	1	0	3	0	0	0	0	7	1	0	2	0	1	4	0	0	0	1	0	0	0	1	0	0	0	0	1	1	6	0	0	0	1
OTU_dn_309	4	2	0	0	0	0	0	0	0	1	1	0	0	0	0	0	1	0	0	1	1	1	0	1	0	0	0	1	0	0	0	0	0	2	0	1	2	0	1	0	0	0	0	0	0	0	0	0	0	0	0	1	0	1	0	0	0	1	0	0	0	0	0	1	0	0	0	0	0	0	0	0	0	0	0	0	0	0
OTU_dn_270	0	0	1	1	0	0	0	0	0	0	0	0	0	0	0	0	0	0	0	0	0	1	0	1	0	0	1	2	1	0	1	0	0	0	0	3	1	0	0	0	0	0	0	0	1	0	0	0	0	0	0	0	0	0	0	1	1	0	0	0	0	0	0	2	0	0	0	0	0	0	0	0	0	0	0	0	0	0
OTU_dn_284	3	0	0	0	0	0	0	0	0	0	0	0	0	0	0	0	0	1	0	0	0	1	0	2	0	0	0	0	0	0	0	1	0	0	0	0	0	0	0	0	0	0	1	0	0	0	0	0	0	0	0	0	0	0	0	1	0	0	1	0	0	1	0	0	0	0	0	0	0	0	1	0	0	0	0	0	0	0
AB740357.1.1462	1	0	0	0	0	0	3	0	0	0	0	0	0	0	0	0	3	0	0	0	0	0	0	0	0	0	0	2	0	1	1	0	0	0	0	0	0	0	0	0	0	1	1	0	0	0	0	0	1	0	0	0	5	2	0	0	0	0	0	2	0	0	0	0	0	0	0	0	0	0	0	0	0	0	0	0	0	0
OTU_dn_85	0	0	0	0	0	0	0	0	0	0	0	0	0	0	4	1	0	0	0	0	0	0	0	0	0	0	0	2	0	0	0	0	1	0	0	3	0	7	0	1	0	0	0	0	0	0	0	0	0	0	0	0	3	1	0	1	0	0	0	0	0	0	1	2	0	1	3	0	3	1	0	0	0	0	0	0	0	4
OTU_dn_107	0	1	1	0	0	0	1	0	0	0	0	0	0	0	0	0	0	5	0	0	0	0	0	1	0	0	0	1	0	2	0	0	0	0	1	4	0	0	0	1	2	2	0	2	0	2	0	0	0	0	0	0	0	0	0	0	0	0	2	0	0	0	0	0	0	0	0	1	0	0	0	0	0	0	0	0	0	0
FM209302.1.1494	0	0	0	0	0	0	0	0	0	0	0	0	0	0	0	0	0	0	0	0	0	0	0	0	0	0	0	0	0	0	0	0	0	0	0	0	0	0	0	0	0	0	0	0	0	0	0	0	0	0	0	0	0	0	0	3	0	0	0	0	0	0	0	0	0	0	0	0	0	0	0	0	0	0	0	0	0	1
OTU_dn_167	0	0	0	0	0	0	0	0	0	0	0	0	0	0	0	0	0	0	0	0	0	0	0	0	0	0	0	1	0	0	0	0	0	0	0	0	0	0	0	0	0	0	0	0	0	0	0	0	0	0	0	0	0	0	0	0	0	0	0	0	0	0	0	0	0	0	1	0	1	0	0	1	0	0	0	0	0	0
OTU_dn_160	7	0	0	1	0	0	0	0	0	0	0	0	0	0	1	1	0	0	0	0	1	0	2	0	1	0	0	2	0	0	0	0	0	0	3	1	2	1	0	0	0	0	0	1	0	0	0	1	0	0	0	1	0	1	0	1	0	0	0	1	0	0	0	0	0	2	0	0	0	0	0	0	2	1	1	0	0	0
OTU_dn_252	3	0	0	0	1	0	0	0	0	0	0	0	0	0	0	0	0	1	0	0	1	0	0	0	0	0	0	0	0	0	0	0	0	0	0	1	1	0	0	0	0	0	0	0	1	0	0	0	0	0	0	1	0	0	0	0	0	0	0	1	0	1	0	0	0	1	0	0	0	0	0	0	0	0	0	0	0	0
OTU_dn_231	0	0	0	0	0	0	0	0	0	0	0	0	0	0	0	0	0	0	0	0	0	0	0	0	0	0	0	0	0	0	0	0	0	0	0	0	0	0	0	0	0	0	0	0	0	0	0	0	4	0	0	0	0	0	0	0	0	0	0	0	0	0	0	0	0	0	0	0	0	0	0	0	0	0	0	0	0	0
OTU_dn_212	0	0	0	0	0	0	0	0	0	0	0	0	0	0	0	0	0	0	0	0	0	0	0	0	0	3	0	0	0	0	0	0	0	0	0	0	0	0	0	0	0	0	0	0	0	0	0	0	0	0	0	0	0	0	0	0	0	0	0	0	0	0	0	0	0	0	0	0	0	0	0	0	0	0	0	0	0	0
HM109688.1.1374	1	0	0	0	1	0	0	1	0	0	0	0	4	1	0	0	0	1	0	0	0	0	0	0	0	0	0	0	0	1	0	0	1	0	0	1	0	0	0	5	0	0	0	0	0	3	0	0	0	2	0	1	0	0	0	1	0	0	0	1	0	0	0	0	1	0	1	1	0	0	0	0	5	0	0	3	0	0
FN421585.1.1365	0	0	0	0	1	0	0	1	0	11	0	0	0	0	0	0	0	1	0	0	0	0	0	0	1	0	0	0	15	0	0	0	0	0	0	0	0	0	0	1	0	0	0	0	0	0	0	0	1	1	0	1	0	0	0	3	0	0	0	0	0	0	0	1	0	0	1	0	4	1	0	0	0	0	0	0	0	0
KU324921.1.1333	0	0	0	0	0	0	0	0	0	10	0	0	0	0	0	0	0	0	0	0	0	0	0	0	0	0	0	0	0	0	0	0	0	0	0	0	0	0	0	0	0	0	0	0	0	0	0	0	0	0	0	0	0	0	0	0	0	0	0	0	0	0	0	0	0	0	0	1	0	0	0	0	0	0	0	0	0	0
OTU_dn_243	1	1	0	1	0	0	2	0	1	0	1	0	0	0	0	0	1	0	1	0	0	0	0	0	0	1	0	1	0	0	0	1	1	0	0	0	2	1	2	0	0	0	0	0	0	0	0	0	0	0	0	0	1	1	0	0	0	0	0	0	0	0	0	0	1	0	0	0	0	0	1	0	0	0	0	0	0	0
KF058019.1.1429	0	0	0	0	0	0	1	0	0	0	0	1	0	0	0	0	3	0	0	0	0	0	0	0	0	0	0	0	0	0	0	0	0	0	1	0	0	1	0	0	0	1	0	0	0	0	0	0	1	0	0	2	6	1	0	0	0	0	0	4	0	0	2	0	0	0	1	0	2	0	0	1	0	0	0	0	0	0
AB746951.1.1438	1	0	0	0	0	0	0	0	1	10	1	0	0	0	0	0	0	0	0	0	0	0	0	0	0	0	0	0	1	0	0	0	0	0	0	0	0	0	0	0	0	0	0	0	0	0	0	0	10	0	1	0	0	0	0	0	0	0	0	0	0	0	0	0	0	0	0	0	0	0	0	0	0	0	0	0	2	0
OTU_dn_256	0	1	1	0	0	0	0	1	0	0	0	0	0	0	0	0	0	1	0	0	0	0	0	0	0	1	1	1	0	0	0	0	0	0	0	0	1	0	0	0	0	1	0	0	0	0	0	0	0	1	0	0	0	0	0	0	0	0	0	0	0	0	0	0	0	0	0	0	0	0	0	0	0	0	0	0	0	0
OTU_dn_289	2	0	0	2	1	0	0	0	0	0	2	0	1	0	0	0	0	0	0	0	0	1	2	0	0	0	1	0	0	0	2	0	1	0	0	1	1	0	3	0	0	1	0	0	0	0	0	0	0	0	0	1	0	1	0	1	0	0	0	0	0	1	0	0	0	0	0	0	0	0	0	0	0	0	0	0	0	0
FR746074.1.1400	0	0	0	0	0	0	0	0	0	9	0	0	0	0	0	0	0	0	0	0	0	0	0	0	0	0	3	0	0	0	0	0	2	0	0	0	0	0	0	0	0	0	0	0	1	0	0	0	0	0	0	0	0	0	0	0	0	0	0	0	0	1	0	1	0	0	0	0	0	0	0	0	0	0	0	0	0	0
OTU_dn_278	1	1	0	0	0	0	0	0	0	0	0	0	0	0	0	0	0	0	0	0	0	0	0	0	0	0	0	0	0	0	0	0	0	1	0	0	1	0	0	0	0	0	0	0	0	0	0	0	0	0	0	0	1	0	1	0	0	0	1	0	0	0	0	0	0	0	0	0	0	0	0	0	0	1	0	0	0	0
KC634087.1.1454	0	0	1	0	0	0	2	0	0	0	1	0	0	0	0	0	2	0	0	0	0	0	0	0	0	0	0	1	0	2	2	0	0	0	0	0	0	0	0	0	0	1	0	0	0	0	0	0	2	0	0	0	3	0	0	2	0	0	1	1	0	0	1	0	1	0	0	0	0	0	0	0	0	0	0	0	0	0
HQ143300.1.1507	1	0	1	0	0	0	3	1	0	0	1	0	0	0	0	0	2	0	0	0	0	0	1	0	0	0	0	0	0	0	2	0	0	0	0	1	0	0	0	0	0	2	0	0	0	0	0	0	1	0	0	0	6	2	0	0	0	0	0	1	0	0	0	1	0	0	1	0	3	0	0	1	0	0	0	0	0	1
OTU_dn_71	0	0	0	0	0	0	0	1	0	0	0	0	0	0	0	37	0	0	0	0	0	0	0	0	0	0	0	0	0	0	0	0	0	0	0	0	0	1	0	0	0	0	0	0	2	0	0	0	1	0	0	0	0	0	0	0	0	0	0	1	0	1	0	0	0	0	0	0	0	0	0	0	0	0	0	0	0	0
OTU_dn_266	3	0	0	0	0	0	0	0	0	0	1	0	0	0	0	0	1	1	1	1	0	0	0	1	0	0	0	0	0	0	0	0	0	1	0	0	1	0	1	0	0	1	0	0	0	0	0	0	0	0	0	1	1	1	0	0	0	0	0	0	0	0	0	0	0	1	0	0	0	0	0	1	0	0	0	0	0	0
HQ757964.1.1452	0	0	0	0	0	0	0	0	0	13	0	0	0	0	0	1	0	0	0	0	0	0	0	0	0	0	0	0	0	0	0	0	0	0	0	0	0	2	0	0	0	0	0	0	1	0	0	0	1	0	0	0	0	0	0	0	0	0	0	0	0	0	0	0	0	0	0	0	0	0	0	0	0	0	0	0	0	0
OTU_dn_124	0	0	0	0	0	0	0	0	1	0	0	0	0	0	0	1	0	0	0	0	0	0	0	0	0	0	0	2	0	0	0	0	0	0	0	0	0	1	0	0	0	0	0	0	0	0	0	0	0	0	0	1	0	0	0	0	0	0	0	0	0	0	0	0	0	0	0	0	0	0	0	0	0	0	0	0	0	0
OTU_dn_171	2	2	0	0	1	0	0	1	0	0	0	0	0	0	0	0	0	1	0	0	2	0	1	1	0	0	0	0	0	0	0	0	0	1	0	0	1	0	1	0	0	2	0	0	0	0	0	0	1	1	0	0	0	0	0	1	0	0	0	0	0	0	0	1	0	0	0	0	0	0	0	0	1	0	0	0	0	0
OTU_dn_132	0	0	0	0	0	0	0	0	0	0	0	0	0	0	0	0	0	0	0	0	0	0	0	0	0	0	0	0	0	0	0	0	0	0	0	3	0	1	0	0	0	0	0	0	0	1	0	0	0	0	0	1	0	0	0	0	0	0	0	0	1	0	0	0	0	0	0	2	0	0	0	0	0	1	0	0	0	0
GAPE01032970.1.1376	0	0	0	0	0	0	0	0	0	0	0	0	0	0	0	0	0	0	0	0	0	0	0	0	0	0	0	2	0	0	0	0	0	0	0	0	0	0	0	0	0	0	0	0	0	0	0	0	0	0	0	0	0	0	0	0	0	0	0	0	0	0	0	0	0	0	0	0	0	0	0	0	0	0	0	0	0	0
OTU_dn_109	11	2	1	0	0	0	2	0	0	0	0	2	0	0	0	0	1	2	0	0	0	0	2	2	0	0	2	1	1	1	1	0	0	1	1	0	0	0	0	0	1	0	2	1	0	0	0	0	0	1	0	1	0	0	0	2	0	0	0	0	0	0	0	3	0	0	4	0	0	0	0	1	0	0	0	0	0	0
OTU_dn_69	0	0	0	0	0	27	0	0	0	0	0	0	0	0	4	0	0	0	0	0	0	0	0	0	0	0	0	0	0	0	0	0	0	0	0	0	0	0	0	0	0	0	0	0	0	0	0	0	0	0	0	0	0	0	0	0	0	0	0	0	0	0	0	0	0	0	0	0	0	0	0	0	0	0	1	0	0	0
JX522473.1.1448	1	0	0	0	0	0	1	0	0	0	0	0	0	0	0	0	0	1	0	0	0	0	0	0	0	0	1	2	0	0	1	0	1	0	0	1	0	0	0	0	0	1	0	0	0	0	0	0	0	0	0	0	2	0	0	0	0	0	0	1	0	0	0	1	0	0	0	0	0	0	0	0	0	0	0	0	0	0
FM209333.1.1493	0	0	0	0	0	0	0	0	0	10	0	0	0	0	0	1	0	0	0	0	0	0	0	0	0	0	0	0	0	0	0	0	0	0	0	0	0	0	0	0	0	0	0	0	0	0	0	0	0	0	0	0	0	0	0	0	0	0	0	0	0	0	0	0	0	0	0	0	0	0	0	0	0	0	0	0	0	0
FN421907.1.1364	0	0	0	2	0	0	0	0	0	0	0	0	0	0	0	0	0	0	0	0	0	0	0	0	0	0	0	0	0	0	0	0	6	1	0	0	0	0	0	2	0	0	0	0	0	0	0	0	2	0	0	0	0	0	0	0	0	0	0	0	0	0	0	0	0	0	0	0	0	0	0	0	0	0	0	0	0	0
JF198966.1.1342	0	0	0	0	0	0	0	0	0	20	0	0	0	0	0	0	0	0	0	0	0	0	0	0	0	0	0	0	0	0	0	0	0	0	0	0	0	0	0	0	0	0	0	0	0	0	0	0	1	0	0	0	0	0	0	0	0	0	0	0	0	0	0	0	0	0	0	0	0	0	0	0	0	0	0	0	0	0
JF014043.1.1367	0	0	0	0	0	0	0	0	0	10	0	0	0	0	0	0	0	0	0	0	0	0	0	0	0	0	0	0	0	0	0	0	0	0	0	0	0	0	0	0	0	0	0	0	0	0	0	0	0	0	0	0	0	0	0	0	0	0	0	0	0	0	0	0	0	0	0	0	0	1	0	0	0	0	0	0	0	0
KC463192.1.1460	0	0	0	0	0	0	0	0	0	15	0	0	0	0	0	0	0	0	0	0	0	0	0	0	0	0	0	0	0	0	0	0	0	0	0	0	0	0	0	0	0	0	0	0	0	0	0	0	0	0	0	0	0	0	0	0	0	0	0	0	0	0	0	0	0	0	0	0	0	0	0	0	0	0	0	0	0	0
HM328258.1.1362	0	0	0	0	0	0	0	0	0	17	0	0	0	0	0	1	0	0	0	0	0	0	0	0	0	0	0	0	0	0	0	0	0	0	0	0	0	2	0	0	0	0	0	0	1	0	0	0	5	0	0	0	1	0	0	0	0	0	0	0	0	0	0	0	0	0	0	0	0	0	0	0	0	0	0	0	0	0
DQ068767.1.1532	0	0	0	0	0	0	1	0	0	0	0	0	0	0	0	0	3	0	0	0	0	0	0	0	0	0	1	0	0	1	1	0	0	0	0	0	0	0	0	0	0	1	0	0	0	0	0	0	1	0	0	2	3	0	0	0	0	1	0	0	0	0	1	0	0	0	1	0	1	0	0	1	1	0	0	0	0	0
OTU_dn_262	0	0	0	0	0	0	0	0	0	0	0	0	0	0	0	0	0	0	0	0	1	1	0	0	0	0	0	0	0	0	1	0	0	0	0	1	0	1	0	0	0	0	0	0	1	0	0	0	0	0	0	0	1	0	0	0	0	0	0	0	0	0	0	0	0	0	0	0	0	0	0	0	0	0	0	0	0	0
KF245543.1.1498	0	0	0	0	0	0	0	0	0	0	0	0	0	0	0	0	3	0	0	0	0	0	0	0	0	0	0	0	0	0	0	0	0	0	0	0	0	0	0	0	0	0	0	0	0	0	0	0	0	0	0	0	0	0	0	0	0	0	0	0	0	0	0	0	0	0	0	0	0	1	0	0	0	0	0	0	0	0
JXNU01000003.2673561.2675110	0	0	0	0	0	0	1	0	0	0	1	0	0	0	0	0	0	1	0	0	0	0	0	0	0	0	1	0	0	0	3	0	2	0	1	0	0	0	1	0	0	2	0	0	0	0	0	0	1	0	0	1	4	2	0	0	0	0	0	0	0	0	0	0	0	0	0	0	1	0	0	1	0	0	0	0	0	0
GEDT01062209.118.1586	0	0	0	0	0	0	0	0	0	1	0	0	0	0	0	0	0	0	0	0	0	0	0	0	0	0	0	0	0	0	0	0	0	0	0	0	0	3	0	0	0	0	0	0	0	0	0	0	1	0	0	0	0	0	0	0	0	0	0	0	0	0	0	0	0	0	0	0	0	0	0	0	0	0	0	0	0	0
DQ273683.1.1267	0	0	0	1	0	0	1	0	0	0	0	0	0	0	0	0	0	0	0	0	0	0	0	0	0	0	0	0	4	0	0	0	0	0	0	0	0	0	0	0	0	0	0	0	0	0	0	0	0	0	0	0	0	0	0	0	0	0	0	0	0	0	0	0	0	0	0	0	0	0	0	0	0	0	0	0	0	0
HM274147.1.1366	0	0	0	0	0	0	0	0	0	0	0	0	0	0	0	0	0	0	0	0	0	0	4	0	0	0	0	0	0	0	0	0	0	0	0	0	0	0	0	0	0	0	0	0	0	0	0	0	0	0	0	0	0	0	0	0	0	0	0	0	0	0	0	0	0	0	0	0	0	0	0	0	0	0	0	0	0	0
OTU_dn_121	0	0	0	2	0	0	0	0	0	0	0	0	0	0	0	0	0	0	1	0	0	0	0	0	0	0	0	0	0	1	0	0	1	0	1	0	0	0	0	0	0	0	0	0	0	0	0	1	0	0	0	0	1	0	0	1	0	0	2	0	0	0	0	0	0	0	0	0	0	0	0	0	0	6	0	0	0	0
OTU_dn_175	3	0	0	0	0	0	0	1	0	0	0	0	0	0	1	0	0	0	0	0	0	0	1	1	0	0	0	1	0	0	1	0	0	0	0	1	1	0	0	0	0	1	0	0	0	0	0	0	1	0	0	0	0	1	0	0	0	0	0	0	0	1	0	1	0	0	0	0	0	0	0	1	0	0	0	0	0	0
OTU_dn_206	5	0	0	0	0	1	0	0	0	0	1	1	0	0	0	0	0	1	0	0	1	0	0	1	0	1	1	1	0	0	0	1	0	0	0	0	0	0	0	0	0	0	0	0	2	0	0	0	0	0	1	1	0	0	0	1	0	0	0	0	0	0	0	2	0	0	0	0	0	0	0	0	0	0	0	0	0	0
OTU_dn_261	2	0	0	2	0	1	0	0	0	0	1	0	0	0	2	0	0	1	0	0	0	0	1	0	0	1	0	0	2	0	1	0	0	0	0	0	1	0	1	0	0	0	0	0	1	0	0	0	0	0	0	1	0	0	0	0	0	0	2	0	0	0	0	0	0	0	0	0	0	0	0	0	0	0	0	0	0	0
GU940714.1.1403	0	0	0	0	0	0	0	0	0	5	0	0	0	0	0	0	0	0	0	0	0	0	0	0	0	0	0	0	0	0	0	0	0	0	0	0	0	0	0	0	0	0	0	0	0	0	0	0	0	0	0	0	0	0	0	0	0	0	0	0	0	0	0	0	0	0	0	0	1	0	0	0	0	0	0	0	0	0
HM556940.1.1327	1	0	0	0	0	0	2	1	0	0	0	0	0	0	0	0	0	0	0	0	0	0	0	0	0	0	0	0	0	1	3	0	1	0	0	0	0	1	0	1	0	4	0	1	0	0	0	0	0	0	0	1	0	1	0	1	0	0	0	3	0	0	0	0	0	0	4	0	1	0	0	0	1	0	0	0	0	0
KP409622.1.1215	0	0	1	0	0	0	1	0	0	0	0	0	0	0	0	0	0	0	0	0	0	0	0	0	0	0	0	0	0	1	0	0	0	0	0	0	0	0	0	0	0	0	0	0	0	0	0	0	0	0	0	0	0	2	0	0	1	0	0	2	0	0	0	0	1	0	0	0	0	0	0	1	0	0	0	0	0	0
OTU_dn_275	0	0	0	0	0	0	0	0	0	0	0	0	0	0	0	0	0	1	0	0	1	0	1	1	0	0	1	0	1	1	0	0	0	0	0	0	1	0	1	1	0	1	0	0	0	0	0	0	0	0	0	0	1	0	0	0	0	0	0	0	0	0	0	0	0	0	0	0	0	1	0	0	0	0	0	0	0	0
OTU_dn_257	3	0	0	0	0	1	0	0	0	0	0	0	0	1	0	0	0	1	0	0	1	0	0	1	0	0	0	0	0	0	0	0	0	0	1	0	0	0	0	0	0	0	0	0	0	0	0	0	0	0	0	1	0	0	0	0	0	1	0	0	0	0	0	2	0	0	0	0	0	1	0	0	1	0	0	0	0	0
JN244975.1.1447	0	0	1	0	0	0	0	1	0	0	0	0	0	0	0	0	1	0	0	0	0	0	0	1	0	0	1	1	1	1	4	0	1	0	0	1	0	1	0	0	0	1	1	0	0	0	0	0	0	0	0	2	1	0	0	1	1	0	1	0	0	0	0	0	0	0	2	0	1	1	0	1	0	0	0	0	0	0
OTU_dn_99	0	0	0	0	0	0	0	0	0	7	1	0	0	0	0	0	0	0	0	0	0	0	0	0	0	0	0	0	0	0	0	0	0	0	0	0	0	0	0	0	0	0	0	0	0	0	0	0	0	0	0	0	0	0	0	0	0	0	0	0	1	0	0	0	0	0	0	1	0	0	0	0	0	0	0	0	0	0
OTU_dn_81	0	0	0	0	0	0	0	0	0	0	0	0	0	0	0	0	0	0	0	0	0	0	0	0	0	0	0	0	0	0	0	12	0	0	0	0	0	0	0	0	0	0	0	0	0	0	0	0	0	0	0	0	0	0	0	0	0	0	0	0	0	0	0	0	0	0	0	0	0	0	0	0	0	0	0	0	0	0
OTU_dn_105	0	0	0	0	0	0	1	0	0	0	0	0	0	0	0	0	0	0	0	0	4	0	4	0	0	0	0	0	0	0	8	1	0	0	0	0	0	0	0	0	0	0	0	0	0	0	0	0	0	0	0	0	0	0	0	0	0	1	0	0	0	0	0	0	0	0	1	0	0	1	0	0	0	0	0	0	0	0
OTU_dn_80	0	0	0	0	0	0	0	0	0	0	0	2	1	0	0	0	0	0	0	1	1	1	0	0	0	0	0	0	0	0	0	0	0	0	0	0	1	2	0	0	0	0	0	0	0	1	0	1	0	0	0	1	0	0	2	0	0	0	0	1	0	1	0	1	0	0	0	0	1	0	1	1	0	0	0	0	0	0
OTU_dn_325	0	0	0	1	1	0	0	0	0	0	0	1	0	0	0	1	0	0	1	0	0	1	0	0	0	0	0	0	0	0	0	1	0	1	1	1	1	1	0	0	1	0	0	0	0	0	0	0	0	0	1	0	1	0	0	1	0	0	1	1	0	1	0	0	0	0	0	0	0	0	1	0	0	0	0	0	0	0
OTU_dn_273	1	0	0	0	1	1	0	0	0	0	2	0	0	0	0	0	0	0	0	0	0	0	0	1	0	0	0	0	0	0	1	1	0	0	0	0	2	1	2	0	0	0	0	0	1	0	0	0	0	0	0	1	0	0	0	0	0	0	0	0	0	1	0	3	0	0	0	0	0	0	0	0	0	0	0	0	0	0
OTU_dn_219	0	0	0	0	0	0	0	0	0	0	0	0	1	0	0	0	0	1	0	0	0	1	0	2	0	1	0	2	0	1	0	0	1	0	0	0	0	0	0	0	0	0	0	0	0	0	0	1	0	0	0	0	0	0	0	0	0	0	1	0	0	1	0	0	0	0	0	0	0	0	0	0	0	0	0	0	0	0
OTU_dn_319	0	1	0	0	0	0	1	0	0	0	0	0	1	0	0	0	0	0	0	0	0	0	0	0	2	0	0	0	0	0	0	0	0	0	0	2	0	0	1	0	0	0	0	0	0	0	0	1	0	0	0	1	0	0	0	0	0	0	1	0	0	0	0	1	0	0	0	0	0	0	0	0	0	0	1	0	0	0
GQ358509.1.1364	0	0	0	0	0	0	0	0	0	23	0	0	0	0	0	0	0	0	0	0	0	0	0	0	0	0	0	0	0	0	0	0	0	0	0	0	0	0	0	0	0	0	0	0	0	0	0	0	0	0	0	0	0	0	0	0	0	0	0	0	0	0	0	0	0	0	0	0	0	0	0	0	0	0	0	0	0	0
LC012472.1.1297	0	0	0	0	0	0	0	0	0	0	0	0	0	0	0	0	0	0	0	0	0	0	0	0	1	0	0	0	0	0	2	0	0	0	0	0	0	0	0	0	0	0	0	0	0	0	0	0	0	0	0	0	1	0	0	0	0	0	0	0	0	0	0	0	0	0	0	0	0	0	0	0	0	0	0	0	0	0
OTU_dn_223	9	0	0	0	0	0	1	1	0	0	1	0	0	0	0	0	0	1	1	0	1	0	0	0	0	0	0	2	0	0	0	0	0	1	0	1	4	0	0	0	0	0	0	0	0	0	0	0	0	0	0	0	0	1	0	2	0	0	0	0	0	1	0	0	0	0	0	0	0	0	1	0	0	0	0	0	0	0
KF600124.1.1264	0	0	0	0	0	0	0	0	0	0	0	0	0	0	0	0	0	0	0	0	0	0	0	0	0	0	0	0	0	0	0	0	0	0	0	0	0	0	0	0	0	0	0	0	0	0	0	0	0	0	0	0	0	0	0	0	0	0	0	0	0	0	0	0	1	0	0	0	0	0	0	11	0	0	0	0	0	0
OTU_dn_259	2	0	0	0	0	0	0	0	0	0	1	0	0	0	0	0	0	0	0	0	0	0	0	1	0	0	0	0	0	0	0	0	0	0	0	0	2	0	1	0	0	0	0	0	0	0	0	0	0	0	0	0	0	1	0	1	0	0	0	0	0	0	0	0	0	0	0	0	0	1	0	0	0	0	0	0	0	0
OTU_dn_198	2	0	0	1	0	0	0	1	0	0	2	0	0	0	0	0	0	0	0	0	1	1	0	0	0	1	0	1	0	0	0	0	0	0	0	0	0	1	0	0	0	0	0	0	0	0	0	0	0	0	0	0	0	1	0	1	0	0	0	0	0	0	0	0	0	0	0	0	0	0	0	0	0	0	0	0	0	0
GQ005170.1.1341	0	0	0	0	0	0	0	0	0	18	0	0	0	0	0	1	0	0	0	0	0	0	0	0	0	0	0	0	0	0	0	0	0	0	0	0	0	2	0	0	0	0	0	0	1	0	0	0	3	0	0	0	0	0	0	0	0	0	0	0	0	0	0	0	0	0	0	0	0	0	0	0	0	0	0	0	0	0
KT005529.1.1393	0	0	0	0	0	0	1	0	0	0	0	0	0	0	0	0	1	0	0	0	0	0	0	0	0	0	0	0	0	0	0	0	0	0	0	0	0	0	0	0	0	0	0	0	0	0	0	0	0	0	0	0	0	1	0	0	0	0	0	0	0	0	0	0	0	0	0	0	0	0	0	0	0	0	0	0	0	0
OTU_dn_326	4	0	0	0	0	0	0	0	0	0	0	0	0	0	0	0	1	0	0	0	1	0	0	1	0	2	2	0	0	0	0	0	0	0	0	0	0	0	0	0	0	0	0	0	0	0	0	0	0	0	0	0	1	3	0	0	0	0	0	0	0	0	0	0	0	2	0	0	0	0	0	0	1	0	1	0	0	0
OTU_dn_267	1	0	0	0	0	0	0	1	1	0	1	0	0	0	0	0	0	1	0	0	0	0	0	1	0	0	0	0	0	0	1	0	0	0	0	0	2	1	0	0	0	0	0	0	0	0	0	0	0	0	0	1	0	0	0	0	0	0	0	0	0	0	0	1	0	1	0	0	0	0	0	1	0	0	0	0	0	0
HE681382.1.1530	0	0	0	0	0	0	0	0	0	5	0	0	0	0	0	0	0	0	0	0	0	0	0	0	0	0	0	0	0	0	0	0	0	0	0	0	0	0	0	0	0	0	0	0	0	0	0	0	0	0	0	0	0	0	0	0	0	0	0	0	0	0	0	0	0	0	0	0	0	0	0	0	0	0	0	0	0	0
OTU_dn_144	4	1	0	0	2	0	0	1	0	1	0	0	0	0	0	0	0	0	0	0	0	0	0	0	0	0	1	0	1	0	0	0	0	1	0	1	1	0	0	0	1	0	0	0	0	1	0	0	0	0	0	0	0	1	0	1	0	0	0	0	1	0	0	0	0	0	0	1	0	1	0	0	0	0	0	0	0	0
OTU_dn_187	4	2	0	1	0	0	0	0	0	0	0	0	0	0	1	0	0	1	1	0	0	1	0	0	0	0	1	0	0	0	0	0	0	0	0	0	1	0	0	0	0	0	0	0	0	0	0	0	0	0	0	0	0	0	0	1	1	0	1	1	0	0	0	0	0	1	0	0	0	1	0	0	1	0	0	0	0	0
OTU_dn_142	0	0	0	0	0	0	0	0	0	0	0	0	0	0	0	0	0	0	0	0	0	0	0	0	0	0	0	0	0	0	11	0	0	0	0	0	0	0	0	1	0	0	0	0	0	0	0	0	0	0	0	0	0	0	0	0	0	0	0	0	0	0	0	0	0	0	0	0	0	0	0	0	0	0	0	0	0	0
OTU_dn_211	1	0	0	1	0	0	0	0	1	0	0	0	0	0	0	0	0	1	0	0	0	0	0	0	0	0	0	0	0	0	1	0	0	0	0	0	1	0	0	0	0	0	0	0	0	0	0	0	1	0	0	1	0	0	1	1	0	0	0	0	0	0	0	1	0	0	0	0	0	0	1	1	0	0	0	0	0	0
GQ280047.1.1390	0	0	0	0	0	0	0	0	0	21	0	0	0	0	0	0	0	0	0	0	0	0	0	0	0	0	0	0	0	0	0	0	0	0	0	0	0	0	0	0	0	0	0	0	0	0	0	0	0	0	0	0	0	0	0	0	0	0	0	0	0	0	0	0	0	0	0	0	0	0	0	0	0	0	0	0	0	0
FR690824.1.1459	0	0	0	0	0	0	0	0	1	0	0	0	0	0	0	0	0	1	0	0	0	0	0	0	0	0	0	0	5	0	0	0	0	0	0	1	0	0	0	0	0	1	1	0	0	0	0	0	0	0	0	2	0	0	0	0	0	0	0	0	0	0	0	0	0	0	0	0	2	0	0	0	0	0	0	0	0	0
JQ885556.1.1460	1	0	0	0	0	0	1	0	0	0	0	0	0	0	0	0	0	0	0	0	0	0	0	1	0	0	0	0	0	0	0	0	0	0	0	0	0	0	0	0	0	0	0	0	0	0	0	0	0	0	0	0	0	0	0	0	0	0	0	0	0	0	0	0	0	0	0	0	1	0	0	0	0	0	0	0	0	0
OTU_dn_202	2	0	0	1	1	0	0	1	0	0	1	0	0	0	1	0	0	0	0	0	0	0	0	1	0	0	0	0	0	0	0	0	0	0	0	0	1	0	1	0	0	0	0	0	0	0	0	0	0	0	0	0	0	1	0	0	0	0	0	0	0	1	0	0	0	1	0	1	0	0	0	0	0	0	0	0	0	0
OTU_dn_207	3	0	0	2	0	0	0	0	0	0	0	0	0	0	0	0	0	0	0	0	0	0	0	1	0	0	0	0	0	0	1	0	0	0	0	0	2	0	0	0	0	0	0	0	0	0	0	0	0	0	0	0	0	1	1	0	0	0	1	0	0	0	0	0	0	0	0	0	0	1	0	0	1	0	0	0	0	0
OTU_dn_209	0	0	0	0	0	1	0	0	1	0	1	0	0	1	0	0	0	0	0	0	0	1	1	0	0	1	0	0	0	0	0	0	0	0	0	1	0	0	0	0	0	0	0	0	0	0	0	0	0	0	0	0	0	1	0	0	0	0	0	0	0	0	0	0	0	0	0	0	0	0	1	1	1	0	0	0	0	0
FN794227.1.1213	0	0	0	0	0	0	0	0	0	4	0	0	0	0	0	0	0	0	0	0	0	0	0	0	0	0	0	0	0	0	0	0	0	0	0	0	0	0	0	0	0	0	0	0	0	0	0	0	0	0	0	0	0	0	0	0	0	0	0	0	0	0	0	0	0	0	0	0	0	0	0	0	0	0	0	0	0	0
GQ062543.1.1350	0	0	0	0	0	0	0	0	0	0	0	0	0	0	0	0	0	0	0	0	0	0	0	0	0	0	0	0	0	0	0	0	0	0	0	0	0	0	0	0	0	0	0	0	0	0	0	0	6	0	0	0	0	0	0	0	0	0	0	0	0	0	0	0	0	0	0	0	0	0	0	0	0	0	0	0	0	0
OTU_dn_97	0	1	1	0	0	0	3	1	0	0	1	0	1	0	0	1	3	0	0	2	0	0	1	0	0	0	0	0	0	5	5	0	1	1	0	1	1	1	0	0	0	2	0	0	0	0	0	0	1	0	0	1	5	1	1	2	2	1	0	4	1	0	0	0	0	0	0	0	1	1	0	1	1	0	0	0	0	0
FR746066.1.1379	0	0	0	0	0	0	0	0	0	0	0	0	0	0	0	0	0	0	0	0	0	0	0	0	0	0	0	0	0	0	0	0	0	0	0	0	0	1	0	5	0	0	0	0	0	0	0	0	0	0	0	0	0	0	0	0	0	0	0	0	0	0	0	0	0	0	0	0	0	0	0	0	0	0	0	0	0	0
OTU_dn_191	3	0	0	0	0	0	0	0	0	0	0	0	0	0	0	0	0	1	0	0	0	1	0	0	1	0	0	1	0	2	1	0	0	0	0	0	1	1	0	0	0	0	0	0	1	0	0	0	0	0	0	0	0	1	0	0	0	0	1	0	0	0	0	0	0	0	0	0	0	0	0	0	0	0	0	0	0	0
GU942724.1.1475	0	0	0	0	0	0	3	0	0	0	1	0	0	0	0	0	0	0	0	0	0	0	0	0	0	0	1	0	0	2	2	0	2	0	1	0	0	0	0	0	0	2	0	0	0	0	0	0	1	0	0	0	3	2	0	0	0	0	0	0	0	0	0	0	0	0	1	0	3	0	0	0	0	0	0	0	0	0
GQ263306.1.1429	1	0	1	0	0	1	0	0	0	19	0	0	0	0	0	0	0	0	0	0	0	0	3	0	0	0	0	0	0	0	0	1	0	0	0	0	0	0	0	0	0	1	0	0	0	0	0	0	1	0	0	0	0	0	1	0	0	0	0	0	0	0	0	2	0	0	0	0	1	0	0	0	0	0	0	0	0	0
OTU_dn_215	2	0	0	0	0	0	0	0	0	0	1	0	0	0	1	0	0	0	0	0	0	0	0	0	0	0	0	0	0	0	0	1	1	0	0	0	1	0	0	0	0	0	0	0	0	0	0	0	0	0	0	0	0	1	0	0	0	0	1	0	0	0	0	0	0	0	0	1	0	0	0	0	0	0	0	0	0	0
OTU_dn_286	2	2	0	1	0	0	0	1	0	0	1	0	0	0	0	0	0	0	0	0	0	0	0	1	0	0	0	0	0	0	0	0	0	0	0	0	2	1	0	0	0	0	0	0	2	0	0	0	0	1	0	0	0	0	0	1	0	0	0	0	0	0	0	0	0	0	0	0	0	0	0	0	0	0	0	0	0	0
OTU_dn_239	3	1	0	0	0	0	0	0	0	0	0	0	1	0	0	0	0	0	0	0	0	0	0	0	0	0	0	1	0	0	0	0	0	0	1	0	1	0	0	0	0	1	0	0	0	0	0	0	0	0	0	0	0	0	0	0	0	0	0	0	0	0	0	0	0	1	0	0	0	0	0	0	1	0	1	0	0	0
HK556380.1.1543	0	0	0	0	0	0	0	0	0	0	0	0	0	0	0	0	0	0	0	0	0	0	0	0	0	0	0	0	0	0	0	0	0	0	0	0	0	0	0	0	0	0	0	0	0	0	0	0	0	0	0	0	0	0	0	0	0	0	0	0	0	0	0	0	0	0	0	5	0	0	0	0	0	0	0	0	0	0
OTU_dn_313	0	0	0	0	0	0	1	0	0	0	0	0	0	0	0	0	0	1	1	0	0	0	0	1	0	0	0	1	0	0	1	0	0	0	0	0	0	0	0	0	0	0	0	0	1	0	0	0	0	0	0	0	0	0	0	0	0	0	0	0	0	0	0	0	0	0	0	0	0	0	0	0	0	0	0	0	0	0
OTU_dn_253	1	0	0	0	2	0	0	0	0	0	0	0	0	1	1	0	1	0	1	1	1	0	0	0	0	0	1	0	0	0	1	0	0	0	0	1	1	0	1	0	0	0	0	1	0	0	0	0	0	0	0	0	0	0	0	1	0	0	0	0	0	0	0	1	0	1	0	1	0	0	0	1	0	0	0	0	0	0
OTU_dn_205	6	0	0	1	1	0	0	1	0	0	1	0	0	0	0	0	0	0	0	0	0	0	0	1	0	0	0	0	0	0	0	0	1	0	0	0	1	0	1	0	1	1	0	0	0	0	0	0	0	1	0	0	0	1	0	0	0	0	0	0	0	0	0	0	0	0	0	0	0	0	1	0	0	0	0	0	0	0
HO383127.2.1252	0	0	0	0	0	0	0	0	0	17	0	0	0	0	0	0	0	0	0	0	0	0	0	0	0	0	0	0	0	0	0	0	0	0	0	0	0	0	0	0	0	0	0	0	0	0	0	0	0	0	0	0	0	0	0	0	0	0	0	0	0	0	0	0	0	0	0	0	0	0	0	0	0	0	0	0	0	0
OTU_dn_311	0	0	0	0	0	0	0	0	0	2	0	0	0	0	0	0	0	0	0	0	0	0	0	0	0	0	0	0	0	0	0	0	0	0	0	0	0	0	0	0	0	0	0	0	0	0	0	0	0	0	0	0	0	0	0	0	0	0	0	0	0	0	0	0	0	0	0	0	0	0	0	0	0	0	0	0	0	0
OTU_dn_248	1	0	0	0	0	0	0	0	0	0	1	0	0	0	0	0	0	0	0	0	0	1	0	1	0	0	0	0	0	0	0	0	0	0	0	0	0	0	0	0	0	0	0	0	0	0	0	0	0	0	0	0	0	0	0	0	0	0	0	0	0	1	0	0	0	0	0	0	0	1	0	0	0	0	0	0	0	0
OTU_dn_317	4	0	1	1	0	0	0	1	0	1	0	0	0	0	0	1	0	1	1	0	1	0	0	1	0	0	0	0	1	0	2	0	0	0	0	0	1	0	0	0	0	0	0	0	1	0	0	0	0	0	0	0	0	0	0	0	0	1	0	0	0	0	0	2	0	0	0	0	0	0	0	0	0	0	0	0	0	0
GU255499.1.1408	0	0	0	0	0	0	0	0	0	2	0	0	0	0	0	0	0	0	0	0	0	0	0	0	0	0	0	0	0	0	0	0	0	0	0	0	0	0	0	0	0	0	0	0	0	0	0	0	2	0	0	0	0	0	0	0	0	0	0	0	0	0	0	0	0	0	0	0	0	0	0	0	0	0	0	0	0	0
OTU_dn_241	2	0	0	0	0	0	0	0	0	1	0	0	0	0	1	0	0	3	0	0	0	0	0	0	0	0	1	0	0	0	0	0	1	0	0	0	0	0	1	0	0	0	0	0	0	0	0	0	0	0	0	1	0	1	0	1	0	0	0	0	0	0	0	1	0	0	0	0	0	0	0	0	0	0	0	0	0	0
OTU_dn_176	1	0	0	1	0	0	0	0	0	0	0	1	0	0	0	0	0	0	0	0	0	1	0	0	0	0	0	0	0	0	1	0	0	0	0	1	1	0	1	1	0	1	0	0	0	0	0	0	0	0	0	0	0	1	0	0	0	0	0	0	1	0	0	0	0	0	1	0	0	1	0	0	0	0	0	0	0	0
OTU_dn_254	4	0	0	1	0	0	0	1	0	0	0	0	0	0	0	0	0	0	0	0	0	0	1	3	0	0	1	0	0	0	0	0	0	1	0	0	0	1	0	0	0	0	0	0	0	0	0	0	0	1	1	0	0	2	0	1	1	0	0	0	0	1	0	1	0	0	0	0	0	0	0	0	0	0	0	0	0	0
OTU_dn_323	1	0	0	1	0	0	0	0	0	0	0	0	0	0	0	0	0	1	0	0	1	0	0	3	0	0	0	0	0	0	0	0	0	0	0	1	4	0	0	0	0	1	0	0	1	1	0	0	0	0	0	0	0	1	0	0	0	0	0	0	0	0	0	3	0	0	0	0	0	0	1	0	0	0	0	0	0	0
OTU_dn_157	8	0	0	1	0	0	0	0	0	0	0	0	0	0	0	0	0	0	0	0	0	0	0	0	0	0	0	0	0	0	0	1	0	1	0	0	0	1	0	0	0	0	0	0	1	0	0	0	0	0	1	0	0	0	0	0	0	0	0	0	0	0	0	0	0	0	0	0	1	0	0	0	0	0	0	0	0	0
OTU_dn_123	0	0	0	0	0	0	0	0	0	0	0	0	1	0	0	0	1	0	0	0	0	0	1	0	0	0	0	0	0	0	1	1	0	0	0	1	0	1	0	0	0	0	0	0	0	0	1	0	0	0	1	0	0	1	0	0	0	0	0	0	0	2	1	1	0	0	0	0	0	0	0	1	1	0	0	0	0	0
OTU_dn_133	2	0	0	1	0	0	0	0	0	0	1	3	0	0	0	0	0	1	0	0	0	0	0	0	0	0	0	0	0	0	0	0	0	0	0	0	1	0	0	0	0	0	0	0	0	0	0	0	0	0	0	0	0	2	0	0	0	0	0	0	0	0	0	0	0	0	0	0	0	0	0	0	1	1	0	0	0	0
OTU_dn_250	3	0	0	0	0	0	0	0	0	0	0	0	0	0	0	0	0	0	0	0	1	0	0	0	0	0	0	0	0	2	0	0	0	1	0	1	0	0	0	0	0	0	0	0	0	0	0	0	1	0	0	0	0	1	0	0	0	1	0	0	0	0	1	0	0	0	0	0	0	0	0	0	0	0	0	0	0	0
GQ284486.1.1518	0	0	0	0	0	0	0	0	0	0	0	0	0	0	0	0	0	0	0	0	0	0	0	0	0	0	0	0	0	0	0	0	0	0	0	0	0	0	0	0	0	0	0	0	2	0	0	0	0	0	0	0	0	0	0	0	0	0	0	0	0	0	0	0	0	0	0	0	0	0	0	0	0	0	0	0	0	0
OTU_dn_222	0	0	0	0	0	0	0	0	0	0	0	0	0	0	0	0	0	0	0	0	0	0	0	0	0	0	0	0	0	0	0	0	0	0	0	0	0	2	0	0	0	0	0	0	0	0	0	0	0	0	0	0	0	0	0	0	0	0	0	0	0	0	0	0	0	0	0	0	0	0	0	0	0	4	0	0	0	0
OTU_dn_285	0	1	0	0	0	0	0	0	0	0	0	0	0	0	0	0	0	0	0	0	0	0	0	2	0	0	0	0	0	0	0	0	0	0	0	0	1	1	0	0	0	1	0	0	0	0	0	0	0	0	0	0	0	0	0	0	0	0	0	0	0	0	0	0	0	0	0	0	0	0	1	0	1	0	0	0	0	0
OTU_dn_242	3	1	0	0	0	0	0	0	0	0	0	0	0	0	0	0	0	0	1	0	0	0	1	0	0	0	0	0	0	1	0	0	0	0	0	0	0	0	1	0	0	0	0	0	1	0	1	0	0	0	0	1	0	2	0	1	0	0	0	1	0	0	0	0	0	0	1	0	0	0	0	0	0	0	0	0	0	0
OTU_dn_291	3	1	0	0	0	0	0	0	1	0	0	0	0	0	0	0	0	1	0	0	1	0	0	4	2	0	0	0	0	0	0	0	0	1	1	0	1	1	0	1	0	1	0	0	0	0	1	0	0	0	1	0	0	0	0	0	0	0	0	0	0	1	0	0	0	0	1	1	0	0	0	0	0	0	0	0	0	0
KP322632.1.1520	0	0	0	0	0	0	1	0	0	0	1	0	0	0	0	0	0	0	0	0	0	0	0	0	0	0	0	0	0	0	0	0	0	0	0	0	0	0	0	0	0	0	0	0	0	0	0	0	0	0	0	1	0	0	0	0	1	0	0	0	0	0	0	0	0	0	0	0	1	0	0	0	0	0	0	0	0	0
AM947652.1.1400	0	0	0	0	0	0	0	0	0	0	0	0	0	0	0	0	0	0	0	0	0	0	0	1	0	0	0	0	0	0	0	0	0	0	0	0	1	0	0	0	0	0	0	0	0	0	0	0	0	0	0	0	0	0	0	0	0	0	0	0	0	0	0	1	0	1	0	0	0	0	0	0	0	0	0	0	0	1
OTU_dn_240	1	0	0	1	0	0	0	0	1	1	1	0	1	0	1	1	0	0	0	0	0	0	0	0	0	0	0	0	0	0	0	1	0	0	0	0	3	0	0	0	1	0	0	0	0	0	0	0	0	0	0	0	0	0	0	0	0	0	1	0	0	0	0	0	0	0	0	0	0	0	0	0	0	0	0	0	0	0
JF148966.1.1361	0	0	0	0	0	0	0	0	0	3	0	0	0	0	0	0	0	0	0	0	0	0	0	0	0	0	0	0	0	0	0	0	0	0	0	0	0	0	0	0	0	0	0	0	0	0	0	0	0	0	0	0	0	0	0	0	0	0	0	0	0	0	0	0	0	0	0	0	0	0	0	0	0	0	0	0	0	0
OTU_dn_113	7	0	0	0	0	0	0	0	0	1	0	0	0	0	0	0	0	0	0	0	0	0	0	0	0	0	0	0	0	0	0	0	0	0	0	0	0	0	0	0	0	0	0	0	1	0	0	0	0	0	0	0	1	0	0	0	0	0	0	0	0	0	0	0	0	0	0	0	0	0	0	0	0	0	0	0	0	0
JN904060.1.1395	0	0	0	0	0	0	0	0	0	0	0	0	0	0	0	0	0	0	0	0	0	0	0	0	0	0	1	0	0	0	0	0	0	0	3	1	0	0	0	0	0	3	0	0	0	0	0	5	0	0	0	0	1	0	0	0	0	0	0	0	0	0	0	0	0	0	0	0	0	0	0	0	0	2	0	0	0	0
OTU_dn_221	0	0	1	0	1	0	0	0	0	0	1	1	0	0	1	0	0	0	0	0	0	0	0	0	0	0	0	0	0	0	0	0	0	0	0	0	0	0	0	0	0	0	1	0	1	0	0	0	0	0	0	0	0	1	0	0	0	0	1	0	0	1	0	0	0	0	1	0	0	1	0	0	0	0	0	0	0	0
OTU_dn_216	0	1	0	2	1	0	1	0	0	0	0	0	0	0	0	0	0	0	0	1	0	0	0	0	0	0	1	0	0	0	0	0	0	0	0	0	1	0	0	0	0	0	0	0	0	0	0	0	0	0	0	0	0	0	0	1	0	0	0	0	0	1	0	0	0	0	0	1	1	0	0	0	0	0	0	0	0	0
OTU_dn_321	1	0	0	0	1	0	0	0	0	0	0	1	0	0	0	0	0	0	0	0	0	0	0	0	0	0	0	1	0	1	0	1	0	0	0	0	0	0	0	0	0	0	0	0	0	0	0	0	0	0	0	0	0	0	0	0	0	0	1	0	0	0	0	0	0	1	0	0	0	1	0	0	0	0	0	0	0	0
OTU_dn_162	0	0	0	1	0	0	0	0	0	0	0	0	0	0	0	0	0	0	0	0	0	0	0	2	0	0	0	0	0	0	0	0	0	0	0	1	2	0	0	0	0	2	0	0	0	0	0	0	0	0	0	1	0	0	0	0	0	0	0	0	0	0	0	2	0	0	0	0	0	0	0	0	0	0	0	0	0	0
FJ948822.1.1302	0	0	0	0	0	0	1	0	0	0	0	0	0	0	0	0	1	0	0	0	0	0	0	0	0	0	0	0	0	0	1	0	0	0	0	0	0	0	0	0	0	0	0	0	0	0	0	1	0	0	0	0	0	1	0	0	0	0	0	0	0	0	0	0	0	0	0	0	0	0	0	0	0	0	0	0	0	0
OTU_dn_315	0	0	0	0	0	0	1	0	0	0	0	0	0	0	0	0	1	0	0	0	0	0	0	0	0	0	0	0	0	1	2	0	2	0	1	0	0	0	0	0	0	1	0	0	0	0	0	0	0	0	0	0	7	0	0	0	0	0	0	0	0	0	0	0	0	0	0	0	0	0	0	0	0	0	0	0	0	0
KF625187.1.1727	0	3	1	0	0	0	0	0	0	0	1	0	0	0	0	0	0	1	0	0	0	0	0	0	0	0	0	0	1	1	0	0	0	1	0	0	0	0	0	0	0	0	0	0	0	0	0	0	0	0	0	0	0	0	0	0	0	0	0	0	0	0	0	0	0	0	0	0	0	0	0	0	2	0	0	0	0	0
KF063018.1.1342	0	0	0	0	0	0	1	1	0	2	0	0	0	0	0	0	0	0	0	0	0	0	0	0	0	0	0	0	0	0	0	0	0	0	0	0	0	0	0	0	0	0	0	0	0	0	0	0	2	0	0	0	0	0	0	0	0	0	0	0	0	0	0	0	0	0	0	0	0	0	0	0	0	0	0	0	0	0
JQ204518.1.1343	0	0	0	0	0	0	0	0	0	0	0	0	0	0	0	0	0	0	0	0	0	0	0	0	0	0	0	0	0	0	0	0	0	0	0	0	0	4	0	0	0	0	0	0	0	0	0	0	0	0	0	0	0	0	0	0	0	0	0	0	0	0	0	0	0	0	0	0	0	0	0	0	0	0	0	0	0	0
GU227164.1.1450	0	0	0	0	0	0	0	0	0	5	0	0	0	0	0	0	0	0	0	0	0	0	0	0	0	0	0	0	0	0	0	0	0	0	0	0	0	0	0	0	0	0	0	0	0	0	0	0	0	0	0	0	0	0	0	0	0	0	0	0	0	0	0	0	0	0	0	0	0	0	0	0	0	0	0	0	0	0
OTU_dn_281	1	0	0	0	0	0	0	0	0	0	0	0	0	0	0	0	0	2	0	0	0	0	0	0	0	0	0	0	0	0	0	0	1	0	0	0	0	0	0	0	0	0	0	0	0	0	0	0	0	0	0	0	0	0	0	2	0	0	0	0	1	1	0	1	0	0	2	0	1	0	0	0	1	0	0	0	0	0
HE590766.1.1518	1	0	0	0	0	0	0	0	1	0	0	0	0	0	0	0	0	0	0	0	0	0	0	0	0	0	0	0	0	0	0	0	0	0	0	0	0	0	0	0	0	0	0	0	0	0	0	0	0	0	1	0	0	0	0	0	0	0	0	0	0	0	0	0	0	0	0	0	0	0	0	0	0	0	0	0	0	0
OTU_dn_230	0	0	0	0	0	0	0	0	0	5	0	0	0	0	0	0	0	0	0	0	0	0	0	0	0	0	0	0	0	0	0	0	0	0	0	0	0	0	0	0	0	0	0	0	0	0	0	0	0	0	0	0	0	0	0	0	0	0	0	0	0	0	0	0	0	0	0	0	0	0	0	0	0	0	0	0	0	0
GQ095436.1.1366	0	0	0	0	0	0	0	0	0	0	0	0	0	0	0	0	0	0	0	0	0	0	0	0	0	0	0	0	0	0	0	0	0	0	0	0	0	0	0	0	0	0	0	0	0	0	0	0	2	0	0	0	0	0	0	0	0	0	0	1	0	0	0	0	0	0	0	0	0	0	0	0	0	0	0	0	0	0
HM304124.1.1399	0	0	0	0	0	0	0	1	0	0	0	0	0	0	0	0	0	0	0	0	0	0	0	0	0	0	0	0	0	0	0	0	0	0	0	0	0	0	0	0	0	0	0	0	0	0	0	0	3	0	0	0	0	0	0	0	0	0	0	0	0	0	0	0	0	0	0	0	0	0	0	0	0	0	0	0	0	0
FN421850.1.1371	0	1	0	0	0	0	0	2	0	0	0	0	0	0	0	0	0	1	0	0	0	0	0	0	0	0	0	0	0	0	0	0	0	0	2	0	0	0	0	0	0	0	0	0	1	0	0	0	5	0	0	0	0	0	0	0	0	0	0	0	0	0	0	0	0	0	0	0	0	0	0	0	0	0	0	0	0	0
JF176530.1.1306	0	0	0	0	0	0	0	0	0	0	0	0	0	0	0	0	0	0	0	0	0	0	0	0	0	0	0	0	0	0	0	3	0	0	0	0	0	0	0	0	0	0	0	0	1	0	0	0	0	0	0	0	0	0	0	0	0	0	0	0	0	0	0	0	0	0	0	0	1	0	0	0	0	0	0	0	0	0
GQ010622.1.1360	0	0	0	0	0	0	0	0	0	0	0	0	0	0	0	0	0	0	0	0	0	0	0	0	0	0	0	0	0	0	0	0	0	0	0	0	0	0	0	0	0	0	0	0	0	0	0	0	4	0	0	0	0	0	0	0	0	0	0	0	0	0	0	0	0	0	0	0	0	0	0	0	0	0	0	0	0	0
FN252881.1.1541	0	0	0	0	0	0	0	0	0	0	0	0	0	0	0	0	3	0	0	0	0	0	0	0	0	0	0	0	0	0	0	0	0	0	0	0	0	0	0	0	0	0	0	0	0	0	0	0	0	0	0	0	0	0	0	0	0	0	0	0	0	0	0	0	0	0	0	0	0	0	0	0	0	0	0	0	0	0
EF516211.1.1486	0	0	0	0	0	0	0	0	0	0	0	0	0	0	0	0	0	0	0	0	0	0	0	0	0	0	0	0	0	0	0	0	0	0	0	0	0	0	0	0	0	0	0	0	0	0	0	0	0	2	0	0	0	0	0	0	0	0	0	0	0	0	0	0	0	0	0	0	0	0	0	0	0	0	0	0	0	0
HM557278.1.1374	2	0	0	0	0	0	1	0	0	0	0	0	0	0	0	0	2	0	0	0	0	0	0	0	1	1	2	0	0	2	1	0	2	1	0	0	1	0	0	0	0	1	0	0	0	0	0	0	3	1	0	1	9	0	0	1	1	0	0	2	0	1	1	1	0	0	0	0	0	0	0	1	0	0	0	0	0	0
OTU_dn_192	6	2	2	9	3	0	2	3	8	0	3	5	1	1	0	5	0	4	1	3	1	2	3	1	5	2	1	4	4	2	1	3	4	0	1	2	0	1	6	1	4	3	3	0	2	1	2	0	8	3	5	2	3	1	0	5	2	5	1	1	1	3	0	2	2	2	0	1	0	3	3	1	2	0	0	1	0	0
OTU_dn_210	3	0	0	0	0	0	0	0	0	0	1	0	1	0	0	1	0	1	0	0	0	0	0	1	0	0	0	1	0	0	1	0	0	0	0	0	1	0	1	0	0	1	0	0	0	0	0	0	0	0	0	0	0	0	0	1	0	0	0	0	0	0	0	1	0	0	0	0	0	0	0	0	0	0	0	0	0	0
FJ897464.1.1464	0	0	0	0	0	0	0	1	0	0	0	0	0	0	0	0	0	0	0	0	0	0	0	0	0	0	0	0	0	0	0	0	0	0	0	0	0	0	0	0	0	0	0	0	1	0	0	0	0	1	0	0	0	0	0	0	0	0	0	0	0	0	0	0	0	0	0	0	0	0	0	0	0	0	0	0	0	0
HQ130340.1.1462	0	0	0	0	0	0	0	0	0	0	3	0	0	0	0	0	0	0	0	0	1	0	0	0	0	0	1	0	1	0	0	0	0	0	0	0	1	0	0	0	0	0	0	1	0	0	0	0	0	0	0	1	0	0	0	0	0	2	0	0	0	0	0	0	0	0	0	0	0	1	0	0	0	0	0	0	0	0
FJ799754.1.1523	0	0	0	0	0	0	1	0	0	0	0	0	0	0	0	0	1	0	0	0	0	0	0	0	0	0	0	0	0	1	1	0	0	0	0	0	0	0	0	0	0	0	0	0	0	0	0	0	1	0	0	0	0	0	0	0	0	0	0	0	0	0	0	0	0	0	0	0	0	0	0	0	0	0	0	0	0	0
JGYP01000004.6243.7755	0	0	0	0	0	0	0	0	0	0	0	0	0	0	0	0	0	0	0	0	0	0	0	0	0	0	0	0	0	0	0	0	0	0	0	0	0	0	0	1	0	0	0	0	0	0	0	0	0	0	0	0	0	0	0	0	0	0	0	0	0	0	0	0	0	0	0	0	0	0	0	3	0	0	0	0	0	0
JF210869.1.1303	0	0	1	0	0	0	0	0	0	0	0	0	0	0	0	0	1	0	0	0	0	0	0	0	0	0	0	0	0	0	0	0	0	0	0	0	0	0	0	0	0	1	0	0	0	0	0	0	4	0	0	0	0	0	0	0	1	1	0	0	0	0	0	0	0	0	0	0	0	0	0	0	0	0	1	0	0	0
OTU_dn_158	0	0	0	0	2	0	0	0	0	0	0	0	0	1	0	1	0	0	0	0	0	1	0	1	0	0	0	0	0	0	0	0	0	1	0	1	0	0	0	0	0	0	0	0	1	0	0	0	0	0	0	0	0	0	0	0	0	0	0	0	0	0	1	0	0	0	0	0	0	0	0	0	0	0	0	0	0	0
HG800034.1.1424	0	0	0	0	0	0	1	0	0	0	1	0	0	0	0	0	1	0	0	0	0	0	0	0	0	0	0	0	0	0	0	0	1	0	0	0	0	0	0	0	0	0	0	0	0	0	0	0	0	0	0	0	1	0	0	0	0	0	0	0	0	0	0	0	0	0	0	0	0	0	0	0	0	0	0	0	1	0
KC967008.1.1344	0	0	0	0	0	0	0	0	0	0	0	0	0	0	0	0	1	0	0	0	0	0	0	0	0	0	0	0	0	2	1	0	0	0	0	0	0	0	0	0	0	0	0	0	0	0	0	0	0	0	0	0	3	0	0	0	0	0	0	0	0	0	0	0	0	0	0	0	2	0	0	0	0	0	0	0	0	0
EU778463.1.1401	0	0	0	0	0	0	0	0	0	0	0	0	0	0	4	1	0	0	0	0	1	0	0	0	0	0	0	0	0	0	0	0	0	0	0	0	0	0	0	0	0	0	0	0	0	0	0	0	0	0	0	0	0	0	0	0	0	0	0	0	0	0	0	0	0	0	0	0	0	0	0	0	0	0	0	0	0	0
FN421726.1.1361	0	0	0	0	0	0	0	0	0	5	0	0	0	0	0	0	0	0	0	0	0	0	0	0	0	0	1	0	0	3	1	0	0	0	0	0	0	0	0	0	0	0	0	0	0	0	0	0	0	0	0	1	0	0	0	0	0	1	0	0	0	0	0	0	0	0	0	0	0	0	0	0	0	0	0	0	0	0
FQ659520.1.1340	0	0	0	0	0	0	0	0	0	0	0	0	0	0	0	0	0	0	0	0	0	0	0	0	0	0	0	0	0	0	0	0	0	0	2	0	0	0	0	0	0	0	0	0	0	0	0	0	5	0	0	0	0	0	0	0	0	0	0	0	0	0	0	0	0	0	0	0	0	0	0	0	0	0	0	0	0	0
OTU_dn_237	0	0	0	1	0	0	0	0	1	0	1	0	0	0	0	0	0	0	0	0	0	0	0	0	0	0	0	0	1	0	0	0	1	0	0	0	0	0	0	0	0	0	0	0	0	0	0	0	0	0	0	0	0	0	0	1	0	1	0	1	0	0	0	0	0	1	0	0	0	0	0	0	0	0	0	0	0	0
HM222667.1.1483	0	0	0	0	0	0	0	0	0	6	0	0	0	0	0	0	0	0	0	0	0	0	0	0	0	0	0	0	0	0	0	0	0	0	0	0	0	0	0	0	0	0	0	0	0	0	0	0	0	0	0	0	0	0	0	0	0	0	0	0	0	0	0	0	0	0	0	0	0	0	0	0	0	0	0	0	0	0
LC055102.1.1393	0	0	0	0	0	0	0	0	0	0	0	0	0	0	0	0	0	1	0	0	0	0	0	0	0	0	0	0	0	0	0	0	0	0	0	0	0	0	0	0	0	0	1	0	1	0	0	0	0	0	0	0	0	0	0	0	0	0	0	0	0	3	0	0	0	0	0	0	0	0	0	0	0	0	0	0	0	0
OTU_dn_307	0	0	0	2	0	0	0	0	0	0	0	0	0	0	0	0	0	0	0	0	0	0	0	0	0	0	0	0	0	0	0	0	0	0	0	0	0	0	0	0	0	0	0	0	0	0	0	0	0	0	0	0	0	0	0	0	0	0	0	0	0	0	0	0	0	0	0	0	0	0	0	0	0	0	0	0	0	0
OTU_dn_297	1	0	0	1	0	0	0	0	0	0	0	0	0	0	0	0	0	0	0	1	0	0	0	1	1	0	1	0	0	0	0	0	0	1	0	1	0	0	0	0	0	0	0	0	0	0	0	0	0	0	1	0	0	0	0	0	1	0	0	0	0	1	0	1	0	0	0	0	0	0	0	0	0	0	0	0	0	0
OTU_dn_300	1	0	0	0	0	0	4	0	0	0	1	0	0	0	0	0	0	0	0	0	0	0	0	0	0	0	0	0	0	0	5	0	1	1	1	1	0	0	0	0	0	0	0	0	0	0	0	0	0	0	0	0	6	1	0	0	0	0	0	4	0	0	1	0	0	0	0	0	1	0	0	1	0	0	0	0	0	0
EU072497.1.1416	0	0	1	0	0	0	4	0	0	0	4	0	0	0	0	0	3	0	0	0	0	0	0	0	0	0	0	0	0	2	4	0	0	2	1	1	0	0	0	0	0	1	0	0	0	0	0	0	2	0	0	0	6	1	0	2	0	0	0	1	0	0	0	0	1	0	1	0	0	0	0	0	0	0	0	0	0	0
KP980580.1.1419	0	0	0	0	0	0	0	0	0	0	0	0	0	0	0	0	0	0	0	0	0	0	0	0	0	0	0	0	2	0	0	0	0	0	0	0	0	0	0	0	0	0	0	0	0	0	0	0	0	0	0	0	0	0	0	0	0	0	0	0	0	0	0	0	0	0	0	0	2	0	0	0	0	0	0	0	0	0
OTU_dn_244	0	0	0	2	0	0	0	0	0	0	0	0	0	0	0	0	0	0	0	0	0	0	0	0	0	0	0	0	0	0	0	0	0	0	0	0	0	0	0	0	0	0	0	0	0	0	0	0	0	0	0	0	0	0	0	0	0	0	0	0	0	0	0	0	0	0	0	0	0	0	0	0	0	0	0	0	0	0
KF464487.1.1283	3	1	2	1	0	0	1	0	0	0	2	0	0	0	1	1	3	1	0	0	1	0	2	0	0	0	1	1	0	2	0	0	0	1	0	3	7	0	0	1	0	1	1	1	0	2	0	0	0	0	0	2	0	4	0	3	1	2	5	2	0	1	5	4	0	2	0	0	4	0	2	2	0	0	0	0	0	5
FN550117.1.1400	0	0	0	0	0	0	0	0	0	4	0	0	0	0	0	0	0	0	0	0	0	0	0	0	0	0	0	0	0	0	1	0	0	0	0	0	0	0	0	0	0	1	0	0	1	0	0	0	1	0	0	0	0	0	0	0	0	0	0	0	0	0	0	0	0	0	0	0	0	0	0	0	0	0	0	0	0	0
OTU_dn_224	1	1	1	0	0	0	0	2	0	0	1	1	0	0	0	1	0	0	0	0	1	0	1	0	0	0	1	2	0	1	0	0	0	2	1	1	2	0	0	1	0	3	0	0	0	1	0	0	0	0	0	4	0	1	1	3	1	0	2	0	0	0	1	1	0	2	1	1	1	0	0	1	0	0	0	0	0	2
GQ140329.1.1452	0	0	0	1	0	0	0	0	0	1	0	0	0	0	0	0	0	0	0	0	0	0	0	0	0	0	1	0	1	1	0	0	0	0	0	0	0	0	0	0	0	0	0	0	0	0	0	0	0	0	0	0	0	0	0	1	0	0	0	0	0	0	0	0	0	0	0	0	0	0	0	0	0	0	0	0	0	0
HM257572.1.1344	0	0	0	0	0	0	0	0	0	4	0	0	0	0	0	0	0	0	0	0	0	0	0	0	0	0	0	0	0	0	0	0	0	0	0	0	0	0	0	0	0	0	0	0	0	0	0	0	0	0	0	0	0	0	0	0	0	0	0	0	0	0	0	0	0	0	0	0	0	0	0	0	0	0	0	0	0	0
KC734179.1.1441	0	0	0	0	0	0	0	0	0	0	2	0	0	0	0	0	0	0	0	0	0	0	1	1	0	0	0	0	0	0	1	0	0	0	0	1	0	0	0	0	0	0	0	0	0	0	0	0	0	0	0	2	0	0	0	0	1	3	0	0	0	0	0	0	1	0	0	1	0	0	0	0	0	0	0	0	0	0
OTU_dn_295	0	1	0	1	0	0	0	0	0	0	0	0	0	0	0	0	0	0	0	0	0	0	0	0	0	1	0	0	0	0	0	0	0	0	0	1	0	1	0	0	0	0	0	0	0	0	0	1	0	0	0	0	0	0	0	0	0	0	0	0	0	0	0	1	0	0	0	0	0	0	0	0	0	0	0	0	0	0
AB697156.1.1394	0	0	0	0	0	0	1	0	0	0	0	0	0	0	0	0	1	0	0	0	0	0	0	0	0	0	1	0	0	0	2	0	0	1	0	0	0	0	0	0	0	0	0	0	0	0	0	0	0	0	0	0	0	1	0	0	0	0	0	2	0	0	0	0	0	0	0	0	0	0	0	1	0	0	0	0	0	0
OTU_dn_138	0	0	0	0	0	0	0	0	0	0	0	0	0	0	4	0	0	0	0	0	0	0	0	0	0	0	0	0	0	1	0	0	0	0	0	0	0	0	0	0	0	0	0	0	0	0	0	0	0	0	0	0	0	0	0	0	0	0	0	0	0	0	0	0	0	0	0	0	1	0	0	0	0	0	0	0	0	0
OTU_dn_196	1	1	0	0	0	0	0	0	0	0	0	0	1	0	0	0	0	1	0	0	0	0	1	0	0	0	0	0	0	0	0	0	0	0	1	0	1	0	0	0	0	0	0	0	0	0	0	0	0	0	0	0	0	0	0	1	0	0	1	0	0	0	0	1	0	0	0	0	0	0	0	0	0	0	0	0	0	0
HM256791.1.1366	0	0	0	0	0	0	0	0	0	0	0	0	0	0	0	0	0	0	0	0	0	0	0	0	0	0	0	0	0	0	0	0	0	0	0	0	0	0	0	0	0	0	0	0	3	0	0	0	0	0	0	0	0	0	0	0	0	0	0	0	0	0	0	0	0	0	0	0	0	0	0	0	0	0	0	0	0	0
HM104367.1.1424	0	0	0	0	0	0	0	0	0	0	0	0	0	0	0	0	0	0	0	0	0	0	0	0	0	0	0	0	1	0	0	0	0	0	0	0	1	0	0	0	0	0	0	0	1	0	0	0	0	0	0	0	0	0	0	0	0	0	0	0	0	0	0	0	0	0	0	0	0	0	0	0	0	0	0	0	0	0
GQ133766.1.1374	0	0	0	1	0	0	0	0	0	0	0	0	0	0	0	0	0	0	0	0	0	0	0	0	0	0	0	0	0	0	0	0	0	0	0	0	0	0	0	0	0	0	0	0	0	0	0	0	0	0	0	0	0	0	0	0	0	0	0	0	0	0	0	0	1	0	0	1	0	0	0	0	0	0	0	0	0	0
GU563764.1.1499	0	0	0	0	0	0	0	0	0	3	0	0	0	0	0	0	0	0	0	0	0	0	0	0	0	0	0	0	0	0	0	1	0	0	0	0	0	0	0	0	0	0	0	0	0	0	0	0	2	0	0	0	0	0	0	0	0	0	0	0	0	0	0	0	0	0	0	0	0	0	0	0	0	0	0	0	0	0
OTU_dn_282	0	0	0	1	0	0	0	0	0	0	0	0	0	0	0	0	0	0	0	0	0	0	0	0	0	0	0	0	1	0	0	0	0	0	0	0	0	0	0	0	0	1	0	0	0	0	0	0	0	0	0	0	0	0	0	1	0	0	1	0	0	1	0	1	0	0	0	0	0	0	1	0	0	0	0	0	0	0
DQ660892.1.1420	0	0	0	0	0	0	0	0	0	0	0	0	0	0	0	0	0	0	0	0	0	0	0	0	0	0	0	0	0	0	0	0	0	0	0	0	0	0	0	0	0	0	0	0	0	0	0	0	0	0	0	0	0	0	0	0	0	0	0	0	0	2	0	0	0	0	0	0	0	0	0	0	0	0	0	0	0	0
FN421999.1.1369	0	0	0	0	0	0	0	1	0	0	0	0	0	0	0	0	0	0	0	0	0	0	0	0	0	0	0	0	0	0	0	0	0	0	0	0	0	0	0	0	0	0	0	0	0	0	0	0	0	1	0	0	0	0	0	0	0	0	0	0	0	0	0	0	0	0	0	0	0	0	0	0	0	0	0	0	0	0
OTU_dn_301	0	0	0	0	0	0	1	1	0	0	1	0	0	0	0	0	0	0	0	1	1	0	0	0	0	0	0	0	0	0	1	0	0	1	2	2	0	0	0	0	0	0	1	0	0	1	0	0	0	0	0	1	0	0	0	3	0	0	0	1	0	0	0	1	0	0	0	0	1	0	0	2	0	0	0	0	0	1
GQ379583.1.1227	0	0	0	0	0	0	0	0	0	0	0	0	0	0	0	0	0	0	0	0	0	0	0	0	0	0	0	0	0	2	0	0	0	0	0	0	1	0	0	0	0	0	0	0	0	0	0	0	0	0	0	0	0	0	0	0	0	0	0	0	0	0	0	0	0	0	0	0	1	0	0	0	0	0	0	0	0	0
OTU_dn_228	0	0	0	0	0	0	0	0	0	0	0	0	0	0	1	0	0	0	0	0	0	0	0	0	0	0	0	0	0	0	0	0	0	0	0	0	0	0	0	0	0	0	0	0	0	0	0	0	0	0	0	0	0	0	0	0	0	0	0	0	0	0	0	0	0	0	0	0	1	0	0	0	0	0	0	0	0	0
OTU_dn_290	1	0	0	0	0	0	0	0	0	0	0	0	0	0	0	0	0	0	0	0	0	0	0	1	0	0	0	0	0	0	0	0	0	0	0	0	1	0	1	0	0	0	0	0	0	0	0	1	0	0	0	0	0	1	0	0	0	1	0	0	0	0	0	0	0	0	0	1	0	0	0	0	0	0	0	0	0	0
OTU_dn_188	0	0	0	0	0	0	0	0	0	0	0	0	0	0	0	0	0	0	0	0	0	0	0	0	0	0	0	0	0	0	0	0	0	0	0	0	0	0	0	0	0	0	0	0	0	0	0	0	0	0	0	0	0	0	0	0	0	0	0	0	0	0	0	0	0	0	0	3	0	0	0	0	0	0	0	0	0	0
OTU_dn_258	0	0	0	0	0	0	0	0	0	0	0	0	0	2	0	0	0	0	0	0	0	0	0	0	0	0	0	0	0	0	0	0	0	0	0	0	0	0	0	0	0	0	0	0	0	0	0	0	0	0	0	0	0	0	0	1	0	0	0	0	0	0	0	0	0	0	0	0	0	0	0	0	0	0	0	0	0	0
KR261608.1.1396	0	0	0	0	0	0	0	0	0	0	1	0	0	0	0	0	0	0	0	0	0	0	0	0	0	0	0	2	0	0	1	0	1	0	0	0	0	0	0	0	0	0	0	0	0	0	0	0	0	0	0	0	2	0	0	0	0	0	0	0	0	0	0	0	0	0	0	0	0	0	0	0	0	0	0	0	0	0
OTU_dn_312	0	0	0	0	0	0	1	1	0	0	1	0	0	0	0	0	0	0	0	0	0	0	0	0	0	0	1	0	0	0	3	0	2	0	0	0	0	0	0	0	0	1	0	0	0	0	0	0	0	0	0	0	3	0	0	1	0	0	0	2	0	0	1	0	0	0	0	0	0	0	0	1	0	0	0	0	0	0
HE804289.1.1429	0	0	0	0	0	0	0	0	0	4	0	0	0	0	0	0	0	0	0	0	0	0	0	0	0	0	0	0	0	0	0	0	0	0	0	0	0	0	0	0	0	0	0	0	0	0	0	0	0	0	0	0	0	0	0	0	0	0	0	0	0	0	0	0	0	0	0	0	0	0	0	0	0	0	0	0	0	0
FN667159.1.1486	0	0	0	0	0	0	0	0	0	0	0	0	0	0	0	0	0	0	0	1	0	0	0	0	0	0	0	0	0	0	0	0	0	0	0	0	0	0	0	0	0	0	0	0	0	0	0	0	0	0	0	0	0	0	0	0	0	0	1	0	0	0	0	0	0	0	0	0	0	0	0	0	0	0	0	0	0	0
HK556859.1.1494	0	0	0	0	0	0	0	0	0	0	0	0	0	0	0	0	0	0	0	0	0	0	0	0	0	0	0	0	0	0	0	0	0	0	0	0	0	0	0	0	0	0	0	0	0	0	0	0	2	0	0	0	0	0	0	0	0	0	0	0	0	0	0	0	0	0	0	0	0	0	0	0	0	0	0	0	0	0
EF635407.1.1438	0	0	0	0	0	0	0	0	0	0	0	0	0	0	0	0	0	0	0	0	0	0	0	0	0	0	0	0	2	0	0	0	0	0	0	0	0	0	0	0	0	0	0	0	0	0	0	0	0	0	0	0	0	0	0	0	0	0	0	0	0	0	0	0	0	0	0	0	2	0	0	0	0	0	0	0	0	0
DQ321560.1.1509	0	0	0	0	0	0	0	0	0	0	0	0	0	0	0	0	0	0	0	0	0	0	0	0	0	0	0	0	0	0	0	0	0	0	0	0	0	1	0	0	0	0	0	1	0	0	0	0	0	0	0	0	0	0	0	0	1	0	0	0	0	0	0	0	0	0	0	0	0	1	1	0	0	0	0	0	0	0
JF091577.1.1328	0	0	0	0	0	0	0	0	0	0	0	0	0	0	0	0	0	0	0	0	0	0	0	0	3	0	0	0	0	0	0	0	0	0	0	0	0	0	0	0	0	0	0	0	0	0	0	0	0	0	0	0	0	0	0	0	0	0	0	0	0	0	0	0	0	0	0	0	0	0	0	0	0	0	0	0	0	0
KF073362.1.1368	0	0	0	0	0	0	0	0	0	0	0	0	0	0	0	0	0	0	0	0	0	0	0	0	0	0	0	0	0	0	0	0	0	0	0	0	0	0	0	0	0	0	0	0	0	0	0	0	0	0	0	0	0	0	0	0	0	0	0	0	0	4	0	0	0	0	0	0	0	0	0	0	0	0	0	0	0	0
FN421555.1.1369	0	0	0	0	0	0	0	0	0	0	0	0	0	0	0	0	0	0	0	0	0	0	0	0	0	0	0	0	2	0	0	0	0	0	0	0	0	0	0	1	0	0	0	0	0	0	0	0	0	0	0	0	0	0	0	0	0	0	0	0	0	0	0	0	0	0	0	0	0	0	0	0	0	0	0	0	0	0
HQ856333.1.1472	0	0	0	0	0	0	0	0	0	4	0	0	0	0	0	0	0	0	0	0	0	0	0	0	0	0	0	0	0	0	0	0	0	0	0	0	0	0	0	0	0	0	0	0	0	0	0	0	0	0	0	0	0	1	0	0	0	0	0	0	0	0	0	0	0	0	0	0	0	0	0	0	0	0	0	0	0	0
OTU_dn_163	0	0	0	0	0	0	0	0	0	3	0	0	0	0	0	0	0	0	0	0	0	0	0	0	0	0	0	0	0	0	0	0	0	0	0	0	0	0	0	0	0	0	0	0	0	0	0	0	0	0	0	0	0	0	0	0	0	0	0	0	0	0	0	0	0	0	0	0	0	0	0	0	0	0	0	0	0	0
HM224395.1.1465	0	0	0	0	0	0	1	0	0	0	0	0	0	0	0	0	0	0	0	0	0	0	0	0	0	0	0	1	0	0	0	0	0	0	0	0	0	0	0	0	0	0	0	0	0	0	0	0	0	0	0	0	1	0	0	0	0	0	0	0	0	0	0	0	0	0	0	0	0	1	0	0	0	0	0	0	0	0
OTU_dn_185	0	0	0	0	0	0	0	4	0	0	0	0	0	0	0	0	0	0	0	0	0	0	0	0	0	0	0	0	0	0	0	0	0	0	0	0	0	0	0	0	0	0	0	0	0	0	0	0	0	0	0	0	0	0	0	0	0	0	0	0	0	0	0	0	0	0	0	0	0	0	0	0	0	0	0	0	0	0
OTU_dn_280	0	0	0	0	0	0	0	0	4	0	0	0	0	0	0	0	0	0	0	0	0	0	0	0	0	0	0	0	0	0	0	0	0	0	0	0	0	0	0	0	0	0	0	0	0	0	0	0	0	0	0	0	0	0	0	0	0	0	0	0	0	0	0	0	0	0	0	0	0	0	0	0	0	0	0	0	0	0
JN173078.1.1468	0	0	0	0	0	0	0	0	0	0	1	0	0	0	0	0	0	0	0	0	0	0	0	0	0	0	0	0	0	0	0	0	0	0	0	0	0	0	0	0	0	0	0	0	0	0	0	0	0	0	0	0	0	0	0	0	0	0	0	0	0	0	0	0	0	0	0	0	1	0	0	0	0	0	0	0	0	0
HQ792316.1.1450	0	0	0	0	0	0	0	0	0	2	0	0	0	0	0	0	0	0	0	0	0	0	0	0	0	0	0	0	0	0	0	0	0	0	0	0	0	0	0	0	0	0	0	0	0	0	0	0	0	0	0	0	0	0	0	0	0	0	0	0	0	0	0	0	0	0	0	0	0	0	0	0	0	0	0	0	0	0
FJ477666.1.1463	1	0	0	0	0	0	0	0	0	0	1	0	0	0	0	0	2	0	0	0	0	0	0	0	0	0	0	0	0	0	1	0	0	0	0	0	0	0	0	0	0	0	0	0	0	0	0	0	0	0	0	0	2	0	0	0	0	0	0	0	0	0	0	0	0	0	0	0	0	0	0	1	0	0	0	0	0	0
OTU_dn_161	0	0	0	0	0	0	0	0	0	0	0	0	0	0	0	0	0	0	0	0	0	0	0	0	0	0	0	0	0	0	0	0	0	0	0	0	1	0	0	0	0	0	0	1	0	0	0	0	0	0	0	0	0	0	0	0	0	0	0	0	0	0	1	0	0	0	0	0	0	0	0	0	0	0	0	0	1	0
JX441387.1.1480	0	0	0	0	0	0	0	0	0	0	0	0	0	0	0	0	0	0	0	0	0	0	0	0	0	0	0	0	0	0	0	0	0	0	0	0	0	0	0	0	0	0	0	0	3	0	0	0	0	0	0	0	0	0	0	0	0	0	0	0	0	0	0	0	0	0	0	0	0	0	0	0	0	0	0	0	0	0
JN387561.1.1339	0	0	0	0	0	0	0	0	0	0	0	0	0	0	0	0	0	0	0	0	0	0	0	0	0	0	0	0	0	0	0	0	0	0	0	0	0	0	0	0	0	0	0	0	0	0	0	0	0	0	0	0	0	3	0	0	0	0	0	0	0	0	0	0	0	0	0	0	0	0	0	0	0	0	0	0	0	0
KC542355.1.1287	0	0	0	0	0	0	0	0	0	0	0	0	0	0	0	0	0	0	0	0	0	0	0	0	0	0	0	0	1	0	0	0	0	0	0	0	0	0	0	1	0	0	1	0	0	0	0	0	0	0	0	1	0	0	0	0	1	1	0	0	0	0	0	0	0	0	1	0	1	0	0	0	0	0	0	0	0	0
FJ670707.1.1378	0	0	0	0	0	0	0	0	0	0	0	0	0	0	0	0	0	0	0	0	0	0	0	0	0	0	0	0	0	0	0	0	0	0	0	2	0	0	0	0	0	0	0	0	0	0	0	0	0	0	0	0	0	0	0	0	0	0	0	0	0	0	0	0	0	0	0	0	0	0	0	0	0	0	0	0	0	0
KF843170.1.1368	0	0	0	0	0	0	0	0	1	0	0	0	0	0	0	0	0	0	0	0	0	0	0	0	0	0	0	0	0	0	0	0	0	0	0	0	0	0	0	0	0	0	0	0	0	0	0	0	0	1	0	0	0	0	0	0	1	0	0	0	0	0	0	0	0	0	0	0	0	0	0	0	0	0	0	0	0	0
FJ205657.1.1373	0	0	0	0	0	0	0	0	0	0	1	0	0	0	0	0	1	0	0	0	0	0	0	0	0	1	0	0	0	0	0	0	0	0	0	0	0	0	0	0	0	0	0	0	0	0	0	0	0	0	0	0	0	1	0	0	0	0	0	1	0	0	1	0	0	0	0	0	0	0	0	0	0	0	0	0	0	0
OTU_dn_260	0	0	0	0	0	0	0	0	0	0	0	0	0	0	0	0	1	0	0	0	0	0	0	0	1	0	0	0	0	0	1	0	0	0	0	0	0	0	0	1	0	1	0	0	0	0	0	0	0	0	0	1	2	1	0	0	0	0	0	0	0	0	0	0	0	0	1	0	0	0	0	0	0	0	0	0	0	0
EF446247.1.1455	0	0	0	0	0	0	0	0	0	0	0	0	0	0	0	0	0	0	0	0	0	0	0	1	0	0	0	0	1	0	0	0	0	0	0	0	0	0	0	0	0	0	0	0	0	0	0	0	0	0	0	0	0	0	0	0	0	0	0	0	0	0	0	0	0	0	0	0	0	0	0	0	0	0	0	0	0	0
JQ855630.1.1284	0	0	0	0	0	0	0	0	0	0	0	0	0	0	0	0	0	0	0	0	0	0	0	0	0	0	0	0	0	0	0	0	0	0	0	0	0	2	0	0	0	0	0	0	0	0	0	0	0	0	0	0	0	0	0	0	0	0	0	0	0	0	0	0	0	0	0	0	0	0	0	0	0	0	0	0	0	0
EU675665.1.1262	0	0	0	0	0	0	0	0	0	0	1	0	0	0	0	0	0	0	0	0	0	0	0	0	0	0	0	0	0	0	0	0	0	0	0	0	0	0	0	0	0	0	0	0	0	0	0	0	0	0	0	0	0	0	0	0	1	1	0	1	0	0	0	0	0	0	0	0	0	0	0	0	0	0	0	0	0	0
KC283053.1.1547	1	0	0	0	0	0	0	0	0	0	0	0	0	0	0	0	1	0	0	0	0	0	0	0	0	0	0	0	0	0	0	0	0	0	0	0	0	0	0	0	0	0	0	0	0	0	0	0	0	0	0	0	1	2	0	1	0	0	0	0	0	0	0	0	0	0	0	0	1	0	0	0	0	0	0	0	0	0
OTU_dn_302	12	0	0	0	0	0	0	0	1	0	0	1	0	0	0	0	0	0	0	0	0	0	0	0	1	1	0	0	0	0	0	2	0	0	0	0	0	0	0	0	0	0	0	0	2	0	0	0	0	0	0	0	0	0	0	1	0	0	0	0	0	1	0	0	0	0	0	0	0	0	0	0	0	0	0	1	0	0
AB703089.1.1467	0	0	1	0	0	0	4	0	0	0	1	1	0	0	0	0	0	0	0	1	0	0	0	0	0	0	0	0	0	0	1	0	1	0	0	0	0	0	0	0	0	1	0	0	0	0	0	0	1	0	0	2	4	0	0	0	0	0	0	1	0	0	1	0	0	0	1	0	0	1	0	1	0	0	0	0	0	0
JQ958825.1.1395	0	0	0	0	0	0	3	0	0	0	0	0	0	0	0	0	0	0	0	0	0	0	0	0	0	0	0	1	0	2	0	0	0	1	0	0	1	0	0	1	0	0	0	0	0	0	0	0	1	0	0	2	3	1	0	2	0	0	0	3	0	0	0	0	0	0	0	0	0	0	0	0	0	0	0	0	0	0
OTU_dn_147	14	1	5	10	6	0	6	1	7	0	5	6	6	8	1	12	0	5	2	5	5	3	0	0	4	5	1	4	7	5	4	8	1	1	2	4	0	5	5	1	0	5	3	4	4	5	6	4	9	2	6	4	2	2	2	7	1	4	0	1	3	8	1	1	3	1	3	6	2	5	5	3	6	2	1	0	0	3
OTU_dn_149	13	3	4	6	5	0	10	4	5	1	5	3	5	1	2	8	0	1	2	4	4	8	3	0	4	4	1	1	4	5	3	6	3	2	0	3	2	6	3	1	0	1	3	1	4	3	3	3	6	1	1	2	1	5	1	4	2	2	2	3	6	3	2	4	3	3	0	4	4	3	0	3	2	3	1	0	0	1
OTU_dn_236	5	1	2	3	0	0	1	2	3	0	1	2	2	1	0	2	2	3	0	3	1	1	0	0	1	4	2	1	3	3	0	1	2	1	1	0	3	0	1	1	2	2	1	0	2	2	0	3	1	0	1	1	0	2	2	1	0	3	0	1	1	4	0	0	1	0	0	1	1	1	4	0	1	1	0	0	0	0
OTU_dn_194	4	1	1	5	0	0	3	1	0	0	0	0	3	0	0	1	1	0	1	0	0	0	2	0	1	2	1	2	0	2	1	0	1	0	0	1	2	0	0	0	3	0	1	1	0	0	1	1	5	1	0	0	1	4	1	2	2	0	0	1	1	3	0	0	0	1	0	0	1	1	1	0	2	1	0	0	0	0
OTU_dn_298	6	0	1	4	3	0	0	3	5	0	2	1	0	3	0	1	0	5	2	0	0	1	2	2	1	0	1	0	2	2	1	0	1	0	0	1	1	0	2	0	0	1	1	0	3	0	2	1	7	2	0	0	3	9	1	0	4	6	0	1	0	0	1	1	1	3	2	7	1	1	1	2	1	4	0	1	0	3
OTU_dn_151	11	0	0	6	3	0	0	3	5	0	5	1	2	2	2	4	0	2	2	3	3	2	0	0	4	3	0	3	1	1	1	4	8	3	2	2	1	2	1	0	0	2	2	4	3	2	2	0	3	0	3	2	1	3	2	1	1	1	1	0	2	2	0	0	2	3	1	2	8	2	1	0	3	1	0	2	0	2
OTU_dn_125	17	1	5	7	5	0	5	3	5	0	5	5	6	6	2	3	1	6	5	5	1	3	2	0	7	5	1	5	6	2	5	5	4	3	2	1	1	1	3	0	3	6	1	5	5	7	3	7	9	3	4	4	5	5	3	3	1	8	1	0	3	8	1	1	2	1	2	4	2	3	5	3	8	3	2	0	0	3
OTU_dn_154	11	1	4	7	0	0	2	2	8	0	3	4	2	0	2	7	2	2	3	0	2	2	0	0	5	7	1	0	3	2	3	8	5	1	2	1	1	3	3	0	0	0	0	3	4	2	3	1	5	2	1	1	3	2	1	1	4	3	1	1	1	7	1	2	2	2	1	1	3	2	3	1	2	0	1	1	0	2
OTU_dn_146	8	1	2	3	2	0	1	2	4	2	2	1	2	5	0	0	0	6	1	0	0	2	2	2	1	2	1	0	4	0	2	1	1	2	0	1	1	0	1	1	4	5	0	2	3	1	1	0	3	5	1	0	2	15	1	1	2	3	0	3	1	2	2	1	0	2	0	3	0	0	2	2	2	5	0	1	0	0
OTU_dn_126	27	5	6	15	3	0	6	3	9	2	3	1	4	5	1	15	2	9	5	8	5	4	3	1	7	6	6	5	2	5	3	17	7	3	2	2	1	4	4	0	4	9	9	3	6	2	2	8	5	4	5	6	7	4	2	4	3	9	1	1	3	8	2	1	2	1	1	6	2	2	6	2	3	3	0	2	0	3
OTU_dn_200	7	1	2	3	1	0	1	1	1	0	0	2	2	1	2	2	0	2	1	2	0	0	2	0	4	4	0	0	2	2	2	3	2	2	0	2	3	4	1	0	1	1	3	0	1	3	1	1	1	1	3	3	1	2	0	1	2	3	2	0	0	1	0	1	0	0	1	0	0	2	2	0	0	0	0	1	0	0
OTU_dn_203	3	0	0	0	0	0	1	1	1	0	0	0	0	1	0	0	0	1	0	0	0	2	2	0	0	0	1	1	4	0	1	2	0	1	1	0	1	0	0	0	0	0	0	1	0	0	0	0	1	2	1	0	0	2	0	0	1	0	0	0	0	2	0	1	0	1	0	0	0	1	1	2	2	0	0	0	1	0
OTU_dn_193	9	0	0	4	1	0	0	0	2	0	1	3	4	3	1	7	1	5	4	1	3	2	0	0	3	3	1	3	2	0	4	9	2	4	0	0	1	2	2	0	0	0	3	1	2	2	1	6	4	1	3	0	4	0	0	5	1	1	0	2	1	1	0	0	0	0	2	1	2	2	5	2	2	1	1	0	0	1
OTU_dn_201	2	1	0	0	0	0	0	3	1	1	0	0	1	0	0	1	0	3	1	0	0	0	0	0	1	2	0	0	1	0	2	3	0	0	0	0	1	1	1	0	0	1	1	0	1	1	1	0	0	0	0	1	0	0	1	1	0	0	0	0	1	0	1	0	0	0	1	0	0	0	1	0	0	1	0	0	0	0
BAGV01000118.74.1596	0	0	0	0	0	0	0	0	0	0	1	0	0	0	0	0	1	0	0	0	0	0	0	0	0	0	0	0	0	0	0	0	0	0	0	0	0	0	0	0	0	0	0	0	0	0	0	0	0	0	0	0	0	0	0	0	0	0	0	0	0	0	0	0	0	0	0	0	0	0	0	0	0	0	0	0	0	0
KM035961.1.1401	0	0	0	0	0	0	0	0	0	0	0	0	0	0	0	0	0	0	0	0	0	0	0	0	0	0	0	0	0	0	0	0	0	0	0	0	0	0	0	0	0	0	0	0	0	0	0	0	0	0	0	0	0	0	0	0	0	0	0	0	0	0	0	0	0	0	0	0	2	0	0	0	0	0	0	0	0	0
AB682173.1.1391	0	0	0	0	0	0	0	0	0	0	0	0	0	0	0	0	0	0	0	0	0	0	0	0	0	0	0	0	2	0	0	0	0	0	0	0	0	0	0	0	0	0	0	0	0	0	0	0	0	0	0	0	0	0	0	0	0	0	0	0	0	0	0	0	0	0	0	0	0	0	0	0	0	0	0	0	0	0
JF151842.1.1344	0	0	0	0	0	0	0	0	0	0	0	0	0	0	0	0	0	0	0	0	0	0	0	0	0	0	0	0	0	0	0	0	0	0	0	0	0	0	0	0	0	0	0	0	0	0	0	0	0	0	0	0	0	0	0	0	0	0	0	0	0	0	0	0	0	0	0	0	0	0	0	0	0	0	2	0	0	0
KU258254.1.1421	0	0	0	0	0	0	0	0	0	0	0	0	0	0	0	0	0	0	0	0	0	0	0	0	0	0	0	0	0	1	0	0	0	0	0	0	0	0	0	0	0	0	0	0	0	0	0	0	0	0	0	0	0	0	0	0	0	0	0	0	0	0	0	0	0	0	0	0	1	0	0	0	0	0	0	0	0	0
KC634088.1.1404	0	0	0	0	0	0	0	0	0	0	0	0	0	0	0	0	0	0	0	0	0	0	0	0	0	0	0	0	0	0	0	0	0	0	1	0	0	0	0	0	0	0	0	0	0	0	0	0	0	0	0	0	0	0	0	0	0	0	0	0	0	0	0	1	0	0	0	0	0	0	0	0	0	0	0	0	0	0
HM343445.1.1346	0	2	0	0	0	0	0	0	0	0	0	0	0	0	0	0	0	0	0	0	0	0	0	0	0	0	0	0	0	0	0	0	0	0	0	0	0	0	0	0	0	0	0	0	0	0	0	0	0	0	0	0	0	0	0	0	0	0	0	0	0	0	0	0	0	0	0	0	0	0	0	0	0	0	0	0	0	0
